# Needed for the sbt-dotenv plugin
-J--add-opens=java.base/java.util=ALL-UNNAMED
-J--add-opens=java.base/java.lang=ALL-UNNAMED
# Needed for Spark (possible overkill)
-J--add-opens=java.base/java.nio=ALL-UNNAMED
-J--add-opens=java.base/jdk.internal.misc=ALL-UNNAMED
-J--add-opens=java.base/sun.nio.ch=ALL-UNNAMED
-J--add-opens=java.management/com.sun.jmx.mbeanserver=ALL-UNNAMED
-J--add-opens=jdk.internal.jvmstat/sun.jvmstat.monitor=ALL-UNNAMED
-J--add-opens=java.base/sun.reflect.generics.reflectiveObjects=ALL-UNNAMED
-J--add-opens=jdk.management/com.sun.management.internal=ALL-UNNAMED
-J--add-opens=java.base/java.io=ALL-UNNAMED
-J--add-opens=java.base/java.nio=ALL-UNNAMED
-J--add-opens=java.base/java.util=ALL-UNNAMED
-J--add-opens=java.base/java.util.concurrent=ALL-UNNAMED
-J--add-opens=java.base/java.util.concurrent.locks=ALL-UNNAMED
-J--add-opens=java.base/java.util.concurrent.atomic=ALL-UNNAMED
-J--add-opens=java.base/java.lang=ALL-UNNAMED
-J--add-opens=java.base/java.lang.invoke=ALL-UNNAMED
-J--add-opens=java.base/java.math=ALL-UNNAMED
-J--add-opens=java.sql/java.sql=ALL-UNNAMED
# Quill Options
-Dquill.macro.log.pretty=true
-Dquill.log.file=queries.sql

0,
319,
389,
674,
694,
1177,
2304,
2459,
3101,
3283,
3564,
3565,
3622,
4056,
5080,
5871,
6260,
6770,
7657,
9169,
9552,
9593,
11707,
12703,
13036,
13671,
14110,
14119,
14125,
14479,
14614,
15021,
15631,
16001,
16125,
18509,
18673,
18713,
18716,
18744,
18769,
19993,
20427,
20883,
22087,
22222,
23334,
23407,
23420,
24141,
24329,
24373,
24465,
24632,
24750,
25414,
26148,
26393,
26854,
26916,
26930,
27038,
27429,
28279,
30704,
30711,
30938,
31633,
31771,
32271,
32348,
32663,
32795,
32860,
34357,
34916,
36245,
36380,
36615,
36832,
37141,
39380,
39757,
40176,
40257,
41132,
41691,
42591,
42677,
42842,
43569,
43596,
45051,
45587,
45664,
45816,
46255,
46305,
46514,
46780,
47228,
47674,
48851,
49853,
50347,
51056,
52005,
52339,
52838,
53090,
53533,
53709,
53763,
54123,
54768,
54855,
55245,
57358,
57554,
57993,
58189,
59057,
59918,
60507,
60776,
61672,
61729,
62314,
62332,
62548,
63025,
63030,
63081,
63895,
64159,
64474,
65435,
66456,
66710,
68183,
68478,
68705,
68864,
68949,
69556,
69714,
70823,
70868,
70987,
71134,
71531,
71579,
72605,
74031,
74752,
74847,
75822,
76172,
76303,
76441,
76464,
76826,
76859,
77328,
77457,
77790,
78109,
78757,
80540,
80787,
81062,
81293,
81815,
81937,
82543,
82799,
82844,
83394,
83435,
84214,
85081,
85709,
86937,
87093,
88251,
89017,
89599,
89641,
90003,
90082,
91033,
91043,
91184,
91579,
92180,
92759,
93327,
93540,
93751,
94781,
94825,
95547,
97279,
98752,
98792,
99456,
99916,
100050,
101313,
101406,
102089,
102287,
102791,
103138,
103417,
105132,
105160,
105306,
107290,
107308,
107581,
107722,
107767,
108190,
108627,
108691,
109170,
109604,
111335,
111394,
111644,
112140,
113501,
113912,
114406,
114992,
115123,
115604,
115715,
116939,
117476,
117594,
117675,
118626,
118769,
119122,
119538,
120225,
120337,
121592,
122014,
124220,
125779,
125822,
127179,
127935,
127945,
128183,
128415,
128727,
128944,
129354,
129426,
129747,
130241,
131339,
131831,
132141,
132577,
133766,
135734,
136128,
136240,
137861,
139124,
140309,
142509,
143588,
144336,
144403,
144665,
144772,
145220,
145375,
146359,
146552,
146871,
147122,
147497,
148211,
148344,
148843,
148858,
149945,
150239,
150431,
150540,
151650,
152482,
153250,
153483,
153592,
154302,
154569,
154594,
154648,
155020,
155532,
155711,
156066,
156795,
157870,
158161,
158548,
158805,
158976,
159014,
159036,
159597,
159716,
160012,
160064,
160068,
160234,
160243,
160473,
160497,
160966,
161043,
161687,
162254,
162897,
164261,
166752,
167791,
167901,
167970,
168198,
168356,
168504,
170142,
170472,
170475,
170498,
170705,
170951,
171967,
172028,
172273,
172429,
172529,
172888,
174085,
174443,
175354,
175931,
176061,
176694,
177512,
177928,
178744,
179338,
179515,
180235,
180359,
180932,
181402,
181421,
181541,
181840,
182649,
183877,
184175,
184180,
184520,
185039,
185471,
185517,
186396,
186456,
187881,
188021,
188298,
188622,
188923,
190358,
190871,
193373,
193473,
193720,
194751,
194777,
195246,
195990,
196992,
197112,
197157,
197467,
197594,
197675,
197693,
198179,
198320,
199786,
200657,
200970,
201326,
201488,
202060,
202874,
203767,
204687,
204746,
206111,
206208,
206560,
207029,
207374,
209106,
209195,
209923,
210442,
211893,
212184,
212470,
212714,
212823,
213573,
214026,
214062,
214084,
214163,
214674,
214901,
215413,
215471,
216160,
217068,
217484,
217587,
217846,
218015,
218974,
219106,
219216,
219336,
219918,
220004,
221115,
221623,
221956,
223230,
223364,
223584,
223975,
224147,
224441,
225137,
225410,
225790,
225897,
226976,
228364,
228391,
228553,
228748,
229255,
229545,
230659,
231107,
232245,
233921,
234342,
234504,
234570,
235289,
236771,
236994,
237272,
237327,
238110,
238271,
238315,
240330,
240460,
240690,
241173,
241690,
242637,
243078,
244443,
244937,
246110,
246476,
246649,
246795,
247147,
247403,
247433,
248735,
248852,
248854,
250230,
250305,
250404,
250552,
250599,
251136,
251659,
252185,
253886,
253940,
254725,
255003,
255310,
255595,
255949,
256308,
257399,
257409,
259133,
259229,
259354,
259408,
260023,
260066,
260275,
261180,
261905,
262214,
262308,
262596,
264493,
267118,
267446,
267787,
268143,
268899,
269245,
269472,
269603,
269748,
269802,
270868,
270895,
271315,
271550,
271653,
272575,
274048,
274233,
274824,
274835,
275548,
276120,
276696,
277348,
277911,
278199,
278756,
280486,
280766,
280780,
280871,
280893,
281000,
281043,
281310,
281648,
282047,
282070,
282350,
283866,
283945,
284100,
285035,
285519,
286477,
286926,
287195,
287231,
287406,
287424,
288110,
288913,
289268,
290045,
290190,
290627,
291229,
291509,
291741,
291822,
292324,
292522,
293404,
293473,
293837,
294093,
294575,
295397,
296194,
297257,
297393,
297417,
298261,
298627,
299746,
300868,
300872,
301111,
301117,
301414,
301522,
301533,
301844,
301858,
302453,
302801,
303426,
304759,
305908,
305975,
310687,
310733,
310930,
311974,
312429,
312578,
313167,
313673,
313803,
314233,
315308,
315688,
315901,
316155,
316203,
317761,
318649,
318654,
318777,
320192,
320440,
320457,
320696,
321683,
322218,
322353,
323058,
323951,
324477,
324730,
325391,
325900,
326206,
326375,
326532,
326570,
327447,
327669,
327885,
328096,
328276,
328414,
328845,
328905,
329374,
329429,
329467,
329478,
331069,
331583,
332306,
332575,
332984,
334463,
335303,
335377,
337522,
338019,
338265,
338664,
339547,
340575,
341476,
342065,
343067,
344924,
345464,
346292,
346552,
346577,
346633,
346849,
347253,
347632,
347671,
348341,
348564,
348845,
348847,
348938,
348982,
349049,
349203,
350419,
351142,
351290,
351533,
352389,
352390,
352988,
354048,
354065,
354075,
354197,
354251,
354256,
354457,
354746,
355324,
355626,
356364,
357405,
357716,
357836,
357858,
358064,
358259,
358276,
358354,
358474,
358897,
359714,
360045,
360071,
360361,
360803,
361604,
363195,
364990,
365021,
365076,
365779,
366230,
366616,
367109,
367684,
368570,
368949,
369286,
369459,
369476,
369824,
370704,
370908,
371114,
371920,
372233,
372795,
373073,
373455,
373528,
373615,
373914,
375837,
376784,
377800,
378225,
378306,
378455,
378769,
380274,
380573,
380616,
380785,
382157,
382501,
383511,
383868,
384043,
384199,
385301,
385472,
386146,
386157,
386220,
386496,
386657,
386925,
390503,
390632,
390940,
391678,
392851,
393441,
393843,
394560,
395556,
395601,
395963,
396114,
396794,
397798,
398111,
398396,
398681,
399708,
400177,
400848,
402608,
402641,
402784,
402828,
402884,
403307,
403358,
403618,
403979,
406217,
406364,
408208,
408482,
408696,
409277,
410696,
411384,
411461,
411636,
411643,
412894,
412918,
413000,
413272,
413417,
413665,
413754,
414822,
415013,
415053,
416043,
416678,
417750,
418781,
419603,
420359,
420743,
420771,
420880,
421324,
421962,
422159,
422278,
423059,
423640,
424020,
424472,
424490,
424515,
424552,
424805,
425518,
425626,
426263,
427947,
428215,
428284,
428676,
428729,
428834,
429043,
430415,
431150,
432283,
434014,
434769,
435451,
436128,
436226,
436239,
436257,
437148,
437310,
437501,
437908,
438036,
438060,
438324,
439787,
440200,
441786,
443151,
443372,
444784,
445276,
445776,
446194,
446361,
446705,
446939,
447186,
448661,
449422,
450720,
451451,
451683,
451825,
452018,
452371,
453673,
455247,
456054,
456153,
456925,
457127,
457432,
457706,
457999,
458711,
459044,
459485,
459602,
460039,
460785,
461524,
461623,
463991,
465773,
466683,
466989,
467172,
467201,
467277,
467367,
467561,
468625,
469358,
471203,
471497,
471765,
472152,
472224,
472956,
473055,
473969,
474057,
474446,
475365,
475720,
476251,
476372,
476424,
477338,
477734,
478049,
478499,
478970,
479510,
480209,
480470,
480974,
481041,
483189,
483371,
483561,
483867,
483946,
484238,
484309,
484417,
484482,
484963,
485924,
487066,
487415,
487986,
488161,
488274,
488543,
489630,
490026,
491471,
491855,
492072,
493008,
494924,
495713,
495903,
496215,
497450,
497621,
497737,
497738,
498009,
498303,
498663,
499035,
499125,
499472,
499645,
501448,
501708,
502865,
503059,
503145,
503692,
503776,
504250,
504777,
505382,
506042,
506546,
507153,
507474,
507864,
508146,
508769,
508944,
509035,
509285,
509413,
509643,
510537,
511981,
512570,
512635,
512712,
512970,
514045,
514181,
514550,
514592,
514647,
514818,
515905,
516420,
516431,
517631,
517824,
518149,
518670,
518670,
519066,
519555,
520662,
521120,
521433,
521765,
522163,
522617,
522861,
524014,
524103,
524402,
524972,
524989,
525249,
526399,
526444,
527271,
527362,
529761,
529952,
530269,
530287,
531027,
532072,
532190,
532285,
532940,
533513,
533665,
533714,
533756,
534747,
535474,
535660,
535683,
536079,
536370,
537210,
537215,
537221,
537374,
537595,
537622,
537838,
538328,
538754,
539469,
539557,
539584,
542377,
542538,
542725,
542933,
543763,
548916,
548961,
549529,
550035,
550353,
550540,
552841,
553073,
554172,
555094,
555836,
556095,
556415,
556807,
557309,
558202,
558259,
558894,
559548,
559718,
560166,
560249,
561185,
561283,
562480,
562559,
562868,
563734,
563828,
564989,
565365,
566135,
566262,
566392,
566508,
566938,
567062,
567305,
567407,
567469,
567738,
568435,
568514,
569246,
569943,
571151,
571550,
572093,
572314,
572841,
573699,
574256,
575355,
575959,
576225,
578466,
578808,
579215,
579611,
579725,
579816,
580134,
580179,
581044,
581851,
581886,
583247,
583807,
584645,
584748,
584857,
585050,
585193,
585765,
586767,
587272,
587584,
588183,
588428,
589032,
589177,
589232,
589466,
589571,
590810,
591311,
592014,
593613,
594028,
594403,
594898,
595493,
595611,
596034,
596788,
596803,
596964,
597346,
598200,
598235,
598507,
600168,
600407,
600608,
600650,
601029,
601152,
601156,
602127,
604912,
604929,
605894,
606330,
606464,
606890,
607145,
607747,
608250,
608853,
609706,
609939,
610775,
610780,
610847,
611870,
612496,
612602,
612743,
613540,
613593,
613629,
614257,
614856,
615164,
615355,
615722,
616817,
617059,
617654,
618586,
618983,
619414,
620424,
620517,
621109,
621408,
622670,
622835,
623108,
623702,
623939,
623979,
624012,
624492,
624734,
624949,
625254,
625371,
625630,
625883,
625934,
625955,
627201,
628203,
629597,
630269,
630371,
630447,
630915,
630974,
631307,
632315,
632362,
633382,
633987,
634222,
634587,
635222,
635570,
635603,
636540,
636568,
638010,
639386,
640914,
641033,
641226,
641976,
642292,
642365,
642572,
642955,
642992,
643293,
643421,
643809,
643814,
644948,
645929,
646157,
646170,
646366,
646626,
647498,
647952,
648038,
649360,
649426,
650064,
650403,
651091,
651338,
651516,
651539,
651953,
653955,
654676,
656314,
657183,
657417,
657753,
658673,
659119,
659194,
659217,
659476,
659778,
659784,
660417,
660673,
660884,
660985,
661008,
661651,
661935,
662011,
662256,
662738,
663300,
664602,
664771,
664811,
666090,
666144,
666774,
667813,
668380,
668839,
669207,
670867,
671282,
672026,
672379,
673716,
674515,
674639,
674686,
675933,
676179,
677356,
677784,
678207,
680952,
680974,
681628,
681662,
682249,
683297,
683727,
685805,
686432,
686432,
686584,
688009,
688028,
688231,
688508,
689085,
689428,
689545,
689970,
690115,
691580,
691903,
692627,
692718,
693001,
694279,
694489,
694605,
695461,
695536,
696407,
696538,
697396,
698041,
698234,
698748,
699351,
700224,
700253,
700530,
700740,
701740,
701821,
703013,
703441,
703794,
704786,
705256,
705335,
705508,
705774,
705837,
706085,
706414,
708562,
710327,
710330,
710457,
711291,
711573,
711879,
712623,
712700,
712780,
712956,
712979,
713007,
713166,
713217,
713382,
713862,
714472,
715012,
715115,
715322,
715883,
716105,
716650,
717847,
717878,
718702,
718969,
720521,
721359,
721422,
721553,
721649,
721925,
723008,
723510,
723950,
723987,
724148,
724462,
725111,
725379,
725705,
726058,
727044,
727224,
727981,
728077,
728268,
728771,
729046,
729264,
729340,
729435,
729601,
729801,
730055,
730201,
730311,
730819,
731379,
731426,
731795,
731907,
732408,
732799,
733571,
733950,
733955,
734180,
734561,
734863,
735771,
736162,
737506,
737634,
738548,
739221,
739282,
739533,
739931,
739998,
740242,
740739,
740946,
741175,
741213,
741339,
742169,
742226,
742295,
742388,
742579,
742782,
742966,
743066,
744411,
744590,
744936,
745492,
745639,
746011,
746736,
746849,
747861,
749015,
749683,
749798,
749922,
750419,
751212,
751740,
752303,
752768,
753151,
753563,
754006,
754050,
754240,
754436,
755496,
755503,
756246,
756830,
756994,
757738,
758049,
758354,
759253,
760531,
760951,
761442,
761611,
762065,
762189,
762664,
763709,
763890,
765301,
765366,
766761,
766794,
767677,
767887,
768440,
768501,
768983,
769312,
769998,
770325,
770653,
771760,
772174,
772573,
773182,
773652,
774068,
774290,
775023,
775577,
776571,
776676,
776878,
777634,
777954,
778261,
778531,
778678,
779177,
779710,
779895,
779931,
780381,
781695,
781762,
782429,
782581,
782918,
783997,
784161,
784390,
785132,
786091,
788034,
788632,
789132,
790959,
791668,
792412,
792813,
793448,
794411,
795423,
795582,
796379,
796403,
796505,
797061,
797230,
797888,
798052,
798324,
798379,
798898,
798939,
799933,
800135,
800306,
802370,
803165,
803263,
803495,
803683,
803688,
803885,
804297,
805649,
806657,
806737,
806947,
807039,
807106,
807157,
807249,
807721,
808945,
809248,
809392,
809618,
809663,
809783,
809886,
810319,
810483,
810950,
811225,
811496,
811655,
811693,
812066,
812286,
813274,
813768,
814749,
814805,
814847,
815578,
816056,
816788,
817114,
817315,
817983,
818236,
818373,
818552,
819109,
819461,
819905,
819973,
820304,
821356,
821901,
822344,
822671,
822998,
823157,
823539,
823897,
823997,
824680,
825082,
825312,
825352,
825787,
826082,
826666,
827786,
827918,
829106,
829210,
829818,
829981,
830238,
830368,
830640,
831229,
831671,
833754,
833844,
834177,
834710,
834951,
835251,
835805,
835878,
836006,
836423,
837488,
837498,
838772,
838911,
839179,
839774,
840047,
840293,
841494,
841937,
842311,
842720,
842831,
842843,
843131,
843977,
844261,
845348,
845709,
847070,
848815,
848986,
849489,
851457,
852103,
852110,
852508,
853081,
853262,
854790,
855804,
856883,
857168,
857873,
857882,
857924,
858672,
858797,
858921,
860067,
860768,
861679,
862921,
863269,
863552,
863981,
865162,
865531,
865937,
866968,
867673,
867683,
868079,
868629,
868790,
869403,
869636,
870266,
870481,
871070,
871073,
871280,
871532,
872556,
872856,
873120,
874492,
874561,
875196,
876810,
877812,
877962,
878298,
879323,
879556,
879854,
880446,
880472,
880947,
882828,
883629,
886793,
887438,
888081,
888227,
889039,
889613,
889892,
890570,
890995,
891190,
891634,
892823,
893116,
893431,
893763,
893908,
894317,
894569,
894920,
896093,
896116,
896292,
896677,
898708,
898804,
898818,
900187,
900294,
900842,
903208,
903900,
904008,
904078,
905156,
905302,
905392,
905772,
906464,
908024,
908580,
908853,
909521,
909564,
910494,
910521,
910752,
910915,
911173,
911335,
911617,
911738,
912018,
912320,
912362,
912676,
912850,
913392,
913519,
914763,
914930,
914932,
915195,
915588,
915608,
916255,
917096,
917100,
917503,
917514,
918757,
918909,
919371,
919432,
919678,
920820,
921798,
921853,
922175,
922275,
922299,
922502,
922997,
925176,
925910,
926319,
927313,
927444,
927802,
927960,
928242,
928272,
930700,
931421,
931530,
931915,
933111,
933441,
933871,
934006,
934282,
935125,
935456,
936012,
937369,
938149,
938205,
938240,
938531,
939735,
939965,
940155,
940759,
941205,
942072,
942699,
943106,
943436,
943883,
944265,
944333,
945628,
945670,
946129,
946448,
946763,
947115,
948942,
949288,
949667,
949848,
950647,
950664,
952326,
952536,
952737,
952916,
953101,
954754,
954974,
955099,
955664,
956091,
957509,
958065,
958151,
958174,
958739,
958834,
959937,
960103,
960107,
961421,
961730,
962706,
963080,
963133,
963138,
963414,
963921,
964112,
964190,
964512,
964627,
965738,
966060,
966201,
966429,
966517,
966861,
969663,
970345,
970673,
971181,
971619,
971749,
972669,
975285,
975710,
976385,
976851,
977054,
977298,
978078,
978454,
978702,
980690,
981601,
981787,
982019,
982290,
982841,
983276,
984632,
984666,
985497,
986075,
986648,
987280,
987690,
988675,
989821,
990175,
991454,
991606,
991654,
991669,
991948,
992913,
993439,
993531,
993591,
994406,
995195,
995739,
996476,
996634,
996730,
996843,
997006,
997804,
998146,
998418,
1000743,
1002169,
1002986,
1003453,
1004128,
1004970,
1005962,
1006360,
1006375,
1007701,
1007850,
1008671,
1008765,
1008768,
1009007,
1009083,
1009768,
1010191,
1011026,
1011231,
1012077,
1012209,
1013190,
1015255,
1017360,
1017695,
1018149,
1018257,
1018658,
1019003,
1019635,
1019639,
1020750,
1022868,
1023951,
1024054,
1024751,
1024863,
1025080,
1025184,
1026633,
1027081,
1027083,
1027293,
1028368,
1028461,
1029142,
1029797,
1029912,
1031129,
1031730,
1032558,
1033021,
1033313,
1034568,
1035156,
1036364,
1036630,
1037400,
1037514,
1038699,
1039051,
1039233,
1039960,
1040243,
1040887,
1041023,
1041463,
1041556,
1042209,
1042643,
1042722,
1042886,
1043902,
1044650,
1045652,
1045711,
1046338,
1047125,
1047375,
1047585,
1047813,
1048001,
1049013,
1049643,
1050039,
1050803,
1051111,
1051528,
1054281,
1054300,
1055488,
1055528,
1057364,
1060417,
1061831,
1062149,
1062752,
1062906,
1063374,
1064434,
1064506,
1065130,
1065393,
1066023,
1066256,
1066416,
1066584,
1067662,
1068498,
1068560,
1068694,
1068891,
1069098,
1069507,
1069649,
1070569,
1070610,
1071534,
1071836,
1072988,
1075383,
1076098,
1076135,
1076509,
1076630,
1077772,
1077935,
1077985,
1078467,
1078705,
1079258,
1079299,
1079503,
1079553,
1079640,
1080369,
1080657,
1081229,
1082810,
1083190,
1083191,
1083417,
1083747,
1084319,
1086685,
1086780,
1086836,
1087597,
1087839,
1087853,
1087977,
1088887,
1088908,
1090226,
1090465,
1090791,
1090818,
1092586,
1092959,
1094703,
1095818,
1095856,
1096813,
1096886,
1096985,
1097010,
1097803,
1097954,
1098315,
1098824,
1099699,
1099765,
1100254,
1100417,
1100504,
1100528,
1100719,
1101775,
1103437,
1103537,
1104210,
1104672,
1105229,
1105928,
1106932,
1108413,
1108695,
1109287,
1109744,
1110010,
1110033,
1110988,
1111448,
1111629,
1111660,
1111978,
1112384,
1113491,
1114236,
1114689,
1114838,
1115131,
1115684,
1116063,
1116468,
1116728,
1116824,
1117201,
1118595,
1118704,
1119472,
1120535,
1121002,
1122429,
1122826,
1123789,
1124198,
1124300,
1125044,
1125112,
1125280,
1126325,
1127102,
1127819,
1128510,
1128655,
1129003,
1131365,
1132002,
1132279,
1132584,
1132719,
1134209,
1134672,
1135856,
1136752,
1137454,
1137677,
1137682,
1138301,
1138517,
1139363,
1139522,
1139573,
1139859,
1139952,
1140078,
1141761,
1141826,
1142305,
1142342,
1143648,
1143729,
1145478,
1146476,
1146510,
1146816,
1146856,
1147200,
1147383,
1149367,
1149542,
1149711,
1150186,
1150425,
1150742,
1150923,
1151658,
1152307,
1152330,
1152726,
1153503,
1153842,
1154353,
1155230,
1155759,
1156085,
1156335,
1156683,
1156896,
1157806,
1158736,
1159072,
1159879,
1160107,
1160434,
1161767,
1162347,
1162842,
1163127,
1163297,
1163356,
1163377,
1163846,
1164617,
1164620,
1165311,
1166338,
1166424,
1166856,
1166911,
1167400,
1167404,
1168293,
1169287,
1170100,
1171589,
1172879,
1172883,
1172916,
1172942,
1173274,
1173858,
1175164,
1175604,
1175862,
1175991,
1177297,
1177380,
1177562,
1177838,
1177935,
1178484,
1179732,
1180147,
1180594,
1180737,
1181366,
1181375,
1182351,
1183521,
1183716,
1183849,
1183899,
1184612,
1184624,
1185298,
1185919,
1186027,
1186092,
1187652,
1188461,
1188922,
1188928,
1189406,
1190219,
1190509,
1190687,
1191305,
1191919,
1192023,
1192423,
1192684,
1192874,
1193981,
1194928,
1195382,
1195979,
1196579,
1198006,
1200278,
1200954,
1202737,
1203840,
1204235,
1204644,
1204651,
1205049,
1205115,
1205591,
1205904,
1206575,
1206606,
1207452,
1207909,
1208346,
1208506,
1209030,
1209069,
1209684,
1209982,
1210047,
1210257,
1210728,
1211119,
1211682,
1212373,
1212457,
1214350,
1215014,
1215260,
1215775,
1216516,
1216942,
1218864,
1221212,
1222740,
1222795,
1222963,
1223491,
1223927,
1224406,
1224453,
1225040,
1225684,
1225743,
1226218,
1226264,
1227061,
1227211,
1228052,
1228839,
1230106,
1230236,
1230651,
1231029,
1231255,
1231906,
1232076,
1232963,
1233852,
1234473,
1235928,
1236481,
1236488,
1236491,
1237543,
1237809,
1238461,
1238819,
1238980,
1239343,
1240288,
1240928,
1241018,
1241144,
1242175,
1242354,
1242469,
1242702,
1242900,
1245061,
1245239,
1246361,
1248076,
1249080,
1249139,
1249160,
1250366,
1250860,
1251036,
1251218,
1251853,
1252847,
1253152,
1253744,
1253948,
1254078,
1254359,
1255056,
1255553,
1255649,
1255738,
1256752,
1257205,
1257278,
1257416,
1257484,
1257489,
1257686,
1257939,
1258042,
1258273,
1258340,
1258619,
1259079,
1260984,
1261556,
1262021,
1264041,
1264381,
1264501,
1264675,
1264770,
1264877,
1265000,
1265055,
1265746,
1265903,
1266351,
1266614,
1267171,
1268559,
1269221,
1269390,
1271124,
1271333,
1271680,
1271932,
1274498,
1274647,
1275926,
1276227,
1277631,
1277675,
1278614,
1279019,
1279702,
1280748,
1281405,
1282054,
1282098,
1282574,
1283588,
1284248,
1285082,
1285541,
1285975,
1286082,
1286802,
1286853,
1287152,
1287600,
1290024,
1291707,
1291755,
1292035,
1292367,
1293899,
1293966,
1294475,
1294526,
1294842,
1295411,
1295800,
1295885,
1296411,
1296881,
1297063,
1297620,
1297862,
1297873,
1299022,
1299829,
1299905,
1301140,
1301255,
1302342,
1303406,
1304109,
1304314,
1304718,
1305079,
1305506,
1305685,
1305905,
1306048,
1306476,
1307372,
1307924,
1309059,
1309174,
1309900,
1311404,
1311583,
1311800,
1311809,
1312782,
1312819,
1312910,
1315241,
1315390,
1316109,
1316713,
1317537,
1317709,
1320629,
1321192,
1322389,
1322683,
1322984,
1323309,
1323718,
1324576,
1325644,
1326217,
1326904,
1327522,
1327719,
1327769,
1328942,
1329062,
1329217,
1330139,
1330325,
1331396,
1331400,
1332254,
1333133,
1333457,
1333555,
1333668,
1334259,
1334780,
1335459,
1335828,
1336075,
1336908,
1337932,
1339012,
1340545,
1342034,
1342330,
1343193,
1343537,
1343550,
1343588,
1343600,
1344007,
1344454,
1345611,
1346214,
1346381,
1346414,
1346445,
1347176,
1347223,
1347295,
1348129,
1349594,
1350885,
1350953,
1351054,
1351629,
1352381,
1352539,
1352808,
1353309,
1353673,
1353691,
1353699,
1353931,
1354252,
1355266,
1355438,
1356214,
1356801,
1358071,
1358574,
1358892,
1359343,
1360862,
1361387,
1362580,
1362718,
1362843,
1363057,
1364267,
1364315,
1364930,
1365132,
1365397,
1365537,
1365795,
1365856,
1365888,
1366139,
1367069,
1367142,
1367155,
1367375,
1367644,
1368261,
1368428,
1368768,
1368867,
1369588,
1370386,
1370697,
1370888,
1370919,
1371321,
1371733,
1372219,
1372388,
1374719,
1375269,
1375657,
1376577,
1376835,
1377081,
1377491,
1377972,
1378103,
1378139,
1378619,
1378963,
1379300,
1379410,
1379583,
1379637,
1379897,
1380682,
1381389,
1381712,
1381841,
1382428,
1382639,
1383150,
1383313,
1384039,
1384906,
1385368,
1385368,
1385595,
1385657,
1386189,
1386681,
1387016,
1387399,
1389021,
1389428,
1389628,
1389663,
1390370,
1391789,
1392921,
1393788,
1394641,
1395095,
1395186,
1395327,
1395547,
1395593,
1395838,
1396261,
1396852,
1397768,
1398249,
1399496,
1399549,
1400054,
1400508,
1402966,
1402974,
1403385,
1403952,
1404141,
1405334,
1406019,
1406165,
1407110,
1408044,
1408367,
1408984,
1409935,
1410373,
1411104,
1412375,
1412564,
1413230,
1413382,
1413845,
1414143,
1414507,
1414600,
1417107,
1417454,
1418374,
1418428,
1419116,
1419828,
1420231,
1423018,
1423203,
1423322,
1423557,
1424272,
1424545,
1424739,
1424793,
1424889,
1425167,
1425481,
1425818,
1426305,
1426780,
1427297,
1428170,
1428577,
1429717,
1430918,
1431566,
1432087,
1432630,
1433176,
1433405,
1433738,
1434208,
1434238,
1434970,
1435451,
1435467,
1436428,
1436594,
1437179,
1437771,
1438551,
1439728,
1439793,
1439834,
1441912,
1442150,
1442153,
1442816,
1443272,
1443463,
1443774,
1443971,
1444108,
1444130,
1444202,
1444748,
1444841,
1444975,
1445590,
1445611,
1446122,
1446662,
1448120,
1448752,
1448771,
1449601,
1449654,
1450693,
1450693,
1451050,
1451234,
1451347,
1451444,
1452202,
1452535,
1453290,
1453964,
1455047,
1455150,
1455254,
1456010,
1456499,
1457309,
1457779,
1458039,
1458537,
1459130,
1459520,
1459689,
1459702,
1459983,
1460049,
1460877,
1461274,
1461344,
1461583,
1463442,
1463622,
1463687,
1464386,
1464394,
1465175,
1465367,
1465616,
1465917,
1466444,
1467492,
1468465,
1468471,
1468630,
1468870,
1468948,
1469588,
1470378,
1470856,
1471006,
1471150,
1471612,
1471615,
1471945,
1472068,
1473288,
1473675,
1474778,
1474884,
1474941,
1476040,
1476845,
1477097,
1477241,
1477868,
1477986,
1480229,
1482151,
1482503,
1483226,
1485061,
1485338,
1485543,
1485814,
1485869,
1486451,
1488950,
1489033,
1489403,
1490236,
1490373,
1490481,
1491147,
1491315,
1491611,
1492046,
1492517,
1494852,
1495303,
1495745,
1495963,
1496300,
1496713,
1497766,
1498242,
1498689,
1499333,
1499384,
1499822,
1500158,
1502001,
1502981,
1503844,
1504200,
1505214,
1505565,
1505813,
1506038,
1506223,
1506290,
1506500,
1507016,
1507585,
1508186,
1509155,
1509230,
1509577,
1511260,
1511556,
1511704,
1513885,
1514237,
1514932,
1514964,
1515802,
1516185,
1516544,
1516827,
1517517,
1518455,
1519009,
1519240,
1519549,
1520349,
1520372,
1520758,
1521547,
1522790,
1523255,
1523485,
1524654,
1524978,
1525333,
1526713,
1527015,
1527052,
1527228,
1527378,
1528008,
1528047,
1528577,
1528920,
1529877,
1530080,
1530122,
1530787,
1530866,
1531072,
1531134,
1531208,
1531226,
1531315,
1531639,
1532809,
1533382,
1534023,
1534198,
1535449,
1535841,
1535983,
1536735,
1537073,
1537409,
1538575,
1539380,
1541590,
1541668,
1541683,
1542691,
1543066,
1543090,
1543143,
1543365,
1543476,
1543808,
1544054,
1544999,
1545684,
1547301,
1548678,
1549016,
1549242,
1549323,
1549324,
1550735,
1551456,
1552914,
1553003,
1553315,
1553542,
1553872,
1554488,
1554547,
1554857,
1554903,
1554906,
1556044,
1557036,
1557069,
1558152,
1559012,
1559371,
1559513,
1560118,
1560333,
1560403,
1560629,
1560842,
1560862,
1561085,
1561580,
1561854,
1562209,
1562246,
1562992,
1563404,
1564187,
1564210,
1564508,
1565944,
1568183,
1570183,
1570432,
1570520,
1570944,
1571005,
1572849,
1573349,
1573790,
1573860,
1574327,
1575002,
1576109,
1576311,
1576988,
1577253,
1577551,
1577823,
1577832,
1578678,
1579213,
1579400,
1580476,
1580560,
1581290,
1581490,
1584030,
1584833,
1585322,
1585689,
1586025,
1586603,
1586607,
1586811,
1586839,
1587925,
1588557,
1588575,
1588983,
1589138,
1589286,
1590167,
1590492,
1590946,
1591231,
1591686,
1591726,
1592115,
1592332,
1592449,
1593328,
1593835,
1594821,
1595167,
1597406,
1597857,
1597883,
1598781,
1599148,
1599392,
1599892,
1600316,
1600951,
1601091,
1601361,
1602542,
1602634,
1603480,
1604257,
1605040,
1605163,
1605239,
1605993,
1606923,
1606974,
1607070,
1607401,
1607766,
1607930,
1609414,
1609826,
1610241,
1610528,
1610926,
1611043,
1611208,
1612224,
1612494,
1614606,
1614813,
1615133,
1615898,
1616024,
1616124,
1618522,
1618622,
1619466,
1619815,
1619899,
1619974,
1620129,
1621665,
1622247,
1622477,
1622701,
1623916,
1623950,
1624192,
1624646,
1624686,
1624912,
1624971,
1625177,
1625322,
1625813,
1626636,
1626956,
1627111,
1628156,
1628244,
1629106,
1629449,
1631632,
1631830,
1632979,
1634164,
1634196,
1634412,
1634441,
1634996,
1635781,
1637168,
1637498,
1637680,
1637881,
1638307,
1638796,
1639779,
1639967,
1640037,
1640262,
1640353,
1640776,
1642653,
1643206,
1643757,
1643790,
1644141,
1644278,
1644790,
1645100,
1645623,
1645762,
1645999,
1646203,
1646384,
1646524,
1647044,
1647197,
1647645,
1648148,
1648823,
1650697,
1650744,
1651474,
1651800,
1652622,
1652744,
1653510,
1653767,
1654264,
1654288,
1654321,
1654672,
1655443,
1655751,
1655799,
1659315,
1659625,
1660080,
1660336,
1660375,
1661067,
1661503,
1662039,
1662210,
1662826,
1662922,
1663161,
1663681,
1664253,
1664531,
1664595,
1665184,
1665221,
1665227,
1665352,
1665746,
1665908,
1666585,
1666640,
1667439,
1667466,
1667890,
1667985,
1668005,
1668851,
1669095,
1669397,
1669402,
1669917,
1671129,
1672152,
1672293,
1672388,
1673710,
1673779,
1674615,
1674688,
1674728,
1675082,
1675534,
1676707,
1676889,
1677533,
1678379,
1679410,
1679695,
1680053,
1680099,
1680162,
1680429,
1681071,
1681421,
1681570,
1682174,
1683207,
1683368,
1683844,
1684084,
1685705,
1686584,
1686630,
1686797,
1686811,
1687422,
1687942,
1687942,
1688655,
1689483,
1689677,
1690306,
1691787,
1692603,
1692679,
1692792,
1692859,
1693442,
1693534,
1693614,
1694060,
1694065,
1694301,
1694499,
1694752,
1695516,
1696244,
1696390,
1696483,
1697487,
1697572,
1697932,
1699150,
1699611,
1699770,
1699980,
1700032,
1700051,
1700594,
1701212,
1701340,
1701481,
1701842,
1701966,
1701970,
1703522,
1704578,
1704821,
1705147,
1705302,
1705698,
1706078,
1706248,
1706327,
1707064,
1708577,
1708937,
1709951,
1710169,
1710373,
1710384,
1710529,
1712483,
1712553,
1712670,
1713363,
1713856,
1714071,
1714281,
1714735,
1714810,
1715039,
1716904,
1716974,
1718003,
1718601,
1720581,
1720731,
1721200,
1721426,
1721696,
1723086,
1723278,
1723774,
1724026,
1724668,
1724709,
1724933,
1726656,
1726662,
1726746,
1727265,
1727466,
1727630,
1728079,
1728192,
1729302,
1730350,
1730421,
1730518,
1731143,
1731197,
1731684,
1732092,
1732346,
1732635,
1732738,
1732875,
1732955,
1734770,
1735225,
1735869,
1736048,
1736681,
1736707,
1736811,
1737109,
1737555,
1738238,
1738246,
1738796,
1739050,
1739438,
1740312,
1740487,
1741172,
1742419,
1742841,
1742916,
1742933,
1743327,
1744114,
1744154,
1744208,
1744534,
1744604,
1744855,
1746989,
1747358,
1747798,
1748037,
1748252,
1748818,
1748833,
1749281,
1750384,
1751019,
1752341,
1752406,
1752613,
1753460,
1753540,
1753919,
1754085,
1754110,
1754133,
1754289,
1754361,
1755256,
1756252,
1756275,
1756846,
1758409,
1758886,
1758916,
1759865,
1760838,
1761316,
1762867,
1763439,
1763531,
1763817,
1763843,
1763997,
1764436,
1764933,
1765515,
1766261,
1766537,
1767363,
1767765,
1767865,
1768040,
1768051,
1768194,
1769177,
1770060,
1771612,
1772194,
1772619,
1772761,
1772776,
1772831,
1773359,
1774466,
1774480,
1776496,
1777942,
1778005,
1778606,
1778643,
1779500,
1779638,
1780452,
1781797,
1781848,
1782551,
1782696,
1783593,
1784087,
1785236,
1785425,
1785483,
1785646,
1786588,
1786624,
1786639,
1787356,
1787516,
1788432,
1788440,
1789370,
1789872,
1790524,
1790587,
1791312,
1791679,
1792704,
1792720,
1792940,
1793149,
1794094,
1794443,
1794749,
1795499,
1795991,
1796236,
1796326,
1796404,
1797056,
1798035,
1798538,
1798976,
1799171,
1799775,
1800342,
1800412,
1800497,
1800743,
1801193,
1801294,
1802978,
1803291,
1804098,
1804386,
1805509,
1806152,
1806301,
1807133,
1807298,
1808197,
1809066,
1809350,
1809898,
1809958,
1810083,
1815224,
1815741,
1816508,
1818044,
1819416,
1819911,
1820067,
1820844,
1820914,
1820936,
1821876,
1823576,
1824166,
1825078,
1825200,
1825337,
1825564,
1825570,
1826708,
1826972,
1827320,
1828088,
1828468,
1828501,
1828753,
1829077,
1829239,
1829527,
1829615,
1830365,
1831109,
1831159,
1831864,
1831885,
1832138,
1832194,
1832205,
1832857,
1832932,
1832956,
1833718,
1833877,
1834731,
1835489,
1835739,
1836022,
1837340,
1837687,
1837851,
1838491,
1839742,
1840225,
1840317,
1840959,
1842229,
1843372,
1843386,
1843626,
1844085,
1845469,
1847581,
1847620,
1849139,
1849238,
1849467,
1849820,
1849848,
1850230,
1850370,
1850507,
1851356,
1852420,
1853900,
1853933,
1854093,
1854927,
1854992,
1855428,
1857042,
1857565,
1857685,
1859182,
1861028,
1861355,
1864104,
1864691,
1864867,
1865771,
1866565,
1867452,
1867748,
1868734,
1870121,
1870662,
1870908,
1872089,
1872744,
1872924,
1873313,
1873537,
1873574,
1874142,
1874323,
1874350,
1874373,
1874527,
1877956,
1879332,
1879363,
1879441,
1879586,
1880320,
1880464,
1880771,
1881178,
1881538,
1881886,
1882420,
1883543,
1883687,
1884763,
1885783,
1885943,
1886084,
1886162,
1886659,
1886721,
1888011,
1888821,
1888939,
1889833,
1891337,
1891812,
1892202,
1892220,
1893066,
1893158,
1893538,
1893884,
1893926,
1894026,
1894267,
1894303,
1894875,
1895080,
1895604,
1895673,
1895737,
1895922,
1896324,
1896929,
1897066,
1897953,
1898046,
1898376,
1899010,
1899094,
1899412,
1899777,
1899914,
1900579,
1901296,
1902337,
1902616,
1902620,
1903093,
1903742,
1903860,
1904075,
1905230,
1905347,
1905396,
1906123,
1906386,
1906509,
1907121,
1907477,
1908081,
1909154,
1909732,
1910527,
1911388,
1911499,
1911513,
1911724,
1912827,
1912852,
1913362,
1914063,
1914198,
1915032,
1915648,
1916209,
1917645,
1918014,
1918372,
1918491,
1919181,
1920483,
1920777,
1921781,
1922482,
1923189,
1923250,
1924139,
1924459,
1924678,
1925801,
1925815,
1925926,
1926295,
1926501,
1926900,
1927562,
1927606,
1927757,
1928574,
1928611,
1929089,
1929917,
1929981,
1930117,
1930766,
1930836,
1930871,
1930918,
1931022,
1931226,
1931969,
1933567,
1933842,
1934664,
1935199,
1935519,
1935713,
1936448,
1936711,
1936825,
1937951,
1938053,
1938062,
1938345,
1938565,
1938614,
1939928,
1940308,
1940563,
1940743,
1941384,
1942983,
1943370,
1943444,
1944496,
1944638,
1945497,
1945557,
1945779,
1945923,
1947253,
1947640,
1948012,
1948199,
1948359,
1949051,
1949451,
1949557,
1950144,
1950520,
1950990,
1952377,
1952504,
1953700,
1954222,
1954879,
1955455,
1955540,
1955922,
1956089,
1956993,
1957474,
1957496,
1957538,
1957968,
1957976,
1959298,
1959498,
1959765,
1959895,
1960065,
1960232,
1960649,
1961411,
1961457,
1961950,
1962122,
1963130,
1964736,
1965784,
1966338,
1967059,
1967165,
1967222,
1967235,
1967261,
1967361,
1967524,
1967577,
1967865,
1968183,
1969426,
1970109,
1970533,
1970963,
1971219,
1971297,
1972903,
1973050,
1973520,
1974244,
1974469,
1974726,
1974875,
1975391,
1975997,
1976822,
1977237,
1978171,
1978262,
1978808,
1978997,
1979366,
1980852,
1981265,
1982019,
1982194,
1983018,
1983033,
1983491,
1984366,
1984578,
1985068,
1986401,
1986655,
1987742,
1988303,
1988668,
1988812,
1989164,
1989174,
1989902,
1990001,
1990950,
1992371,
1992736,
1992808,
1992908,
1992999,
1993748,
1993914,
1994341,
1994634,
1994673,
1996443,
1996478,
1996761,
1998094,
1999296,
2000288,
2000356,
2001298,
2001450,
2001706,
2002132,
2002384,
2002991,
2003549,
2003634,
2004499,
2005319,
2005531,
2006634,
2006726,
2007269,
2008364,
2009709,
2011183,
2011698,
2011717,
2014396,
2014674,
2014703,
2015431,
2015473,
2016716,
2016817,
2017420,
2018355,
2018633,
2018781,
2018886,
2018953,
2019840,
2020002,
2020185,
2020378,
2020576,
2020796,
2021988,
2023604,
2023681,
2024021,
2024627,
2025158,
2025690,
2025956,
2026115,
2026710,
2027317,
2027498,
2027608,
2028602,
2029111,
2029930,
2030514,
2032660,
2032837,
2034108,
2034705,
2034707,
2036126,
2036189,
2036739,
2036826,
2036911,
2037248,
2037282,
2037284,
2037383,
2037948,
2038176,
2038725,
2041591,
2041791,
2042459,
2042480,
2042820,
2042830,
2044069,
2044495,
2044993,
2045610,
2045793,
2046018,
2047113,
2047269,
2047284,
2047960,
2050038,
2050757,
2051458,
2051743,
2051764,
2052272,
2052581,
2052676,
2053205,
2053322,
2053817,
2053846,
2054298,
2054856,
2055085,
2055199,
2057276,
2058315,
2058645,
2058882,
2059673,
2059792,
2060062,
2060765,
2060842,
2061235,
2061381,
2061771,
2061872,
2063053,
2063337,
2063393,
2063823,
2063874,
2064377,
2064602,
2065432,
2066109,
2066122,
2066911,
2066916,
2067356,
2067357,
2068053,
2069589,
2069936,
2070330,
2071851,
2072552,
2072932,
2073042,
2073090,
2073584,
2074006,
2074868,
2075176,
2076435,
2076506,
2076872,
2077015,
2077029,
2077211,
2077277,
2078431,
2078911,
2080602,
2081497,
2081689,
2082390,
2082623,
2083730,
2084658,
2085482,
2085877,
2086218,
2086493,
2086865,
2086963,
2088766,
2088841,
2089815,
2090035,
2090537,
2092016,
2093122,
2093989,
2094245,
2094388,
2094658,
2095410,
2095582,
2095600,
2096851,
2097051,
2097738,
2097778,
2097897,
2098245,
2098952,
2100106,
2100310,
2100610,
2101166,
2101338,
2102110,
2102924,
2103117,
2103419,
2103787,
2103806,
2104205,
2105647,
2106209,
2106588,
2107056,
2107880,
2108276,
2109449,
2109811,
2110227,
2110814,
2113247,
2113662,
2115073,
2115889,
2116551,
2117005,
2118019,
2120418,
2120992,
2121169,
2122869,
2123283,
2123791,
2124375,
2124780,
2126263,
2126690,
2127081,
2127090,
2127305,
2127615,
2127668,
2129798,
2129961,
2130234,
2131045,
2131237,
2131479,
2131652,
2131934,
2132319,
2132736,
2133001,
2133138,
2133202,
2133844,
2134299,
2134693,
2134889,
2135030,
2135292,
2135720,
2136128,
2136440,
2136484,
2137279,
2138055,
2138266,
2138734,
2139099,
2140296,
2140597,
2141840,
2142163,
2142566,
2142779,
2143072,
2144916,
2145262,
2145369,
2145437,
2145967,
2147065,
2147721,
2147980,
2148358,
2148845,
2149001,
2149163,
2149563,
2150822,
2151279,
2151855,
2152942,
2153129,
2153971,
2155243,
2155277,
2155686,
2158721,
2158815,
2159248,
2159762,
2161235,
2161698,
2161784,
2161822,
2162129,
2162165,
2162556,
2162810,
2162926,
2163158,
2163266,
2163360,
2164006,
2164090,
2164235,
2165135,
2165487,
2166828,
2167650,
2167882,
2167895,
2168709,
2169083,
2169578,
2170352,
2172321,
2172444,
2172736,
2172855,
2173761,
2174479,
2175004,
2175007,
2175411,
2176140,
2176174,
2176266,
2176440,
2177307,
2177932,
2178180,
2178864,
2178950,
2180518,
2180859,
2181028,
2181280,
2181717,
2183153,
2183833,
2184792,
2185686,
2187686,
2187786,
2188115,
2188830,
2188837,
2189101,
2189243,
2189252,
2190285,
2190708,
2191051,
2191612,
2191965,
2192302,
2192390,
2194408,
2194835,
2194858,
2195001,
2195095,
2196498,
2196962,
2197086,
2197143,
2198159,
2198396,
2199600,
2199730,
2200836,
2200848,
2201161,
2201621,
2202596,
2202816,
2203115,
2203357,
2204556,
2205897,
2206558,
2206665,
2207078,
2207655,
2207839,
2208181,
2208661,
2209309,
2209667,
2209735,
2210144,
2210304,
2210548,
2210628,
2211903,
2212639,
2212861,
2214330,
2216007,
2216148,
2216926,
2217196,
2218204,
2218332,
2218438,
2218485,
2218592,
2219208,
2219552,
2220105,
2220192,
2220237,
2220317,
2221057,
2221057,
2221758,
2221986,
2222293,
2222590,
2223634,
2224427,
2224784,
2224982,
2225358,
2225479,
2226598,
2226769,
2226969,
2228423,
2228459,
2229703,
2230780,
2231782,
2232260,
2232436,
2233034,
2233611,
2234361,
2234714,
2235223,
2235259,
2235613,
2236558,
2236663,
2237522,
2237571,
2237990,
2238838,
2241089,
2241148,
2241325,
2241391,
2241852,
2241861,
2242047,
2242714,
2243073,
2243157,
2243896,
2245042,
2245156,
2245173,
2248317,
2248758,
2249319,
2249332,
2249947,
2250024,
2250322,
2251716,
2252386,
2252613,
2252766,
2253180,
2253944,
2253979,
2254296,
2254523,
2255817,
2255864,
2257408,
2258585,
2258605,
2259148,
2259167,
2259450,
2259643,
2260765,
2261668,
2262157,
2263026,
2263287,
2264695,
2265012,
2265041,
2265446,
2266146,
2267095,
2267275,
2267679,
2267864,
2268336,
2268516,
2269132,
2269176,
2269303,
2269379,
2270498,
2270659,
2271123,
2271700,
2272146,
2272278,
2272698,
2272949,
2272972,
2273010,
2273274,
2273486,
2273585,
2273646,
2273919,
2274307,
2275006,
2275548,
2275549,
2276264,
2276684,
2278301,
2279285,
2279648,
2280412,
2281113,
2282403,
2282814,
2283324,
2283664,
2283928,
2284848,
2285406,
2286116,
2286615,
2286985,
2288119,
2289033,
2289943,
2290677,
2291482,
2292324,
2292937,
2293246,
2293461,
2293765,
2293949,
2294159,
2294784,
2295079,
2295810,
2297369,
2297680,
2298404,
2299236,
2299291,
2299616,
2300146,
2300248,
2301440,
2301541,
2301751,
2302029,
2302059,
2302234,
2303591,
2303933,
2304301,
2304439,
2304993,
2305921,
2306186,
2306337,
2307055,
2307112,
2307356,
2308264,
2308626,
2309170,
2309780,
2309999,
2311039,
2311237,
2312192,
2312940,
2313359,
2313377,
2314852,
2315066,
2315633,
2316233,
2317113,
2317506,
2317536,
2318138,
2318220,
2318558,
2318639,
2319336,
2319557,
2319770,
2319813,
2320408,
2320964,
2320982,
2321003,
2321551,
2322289,
2323449,
2323806,
2323962,
2323985,
2324193,
2324511,
2324819,
2325987,
2326581,
2326863,
2326879,
2327580,
2327641,
2328618,
2328623,
2329971,
2330078,
2330525,
2333140,
2333424,
2335316,
2335803,
2336120,
2336805,
2336916,
2337129,
2337971,
2339090,
2339597,
2340702,
2340756,
2340842,
2341988,
2342321,
2342333,
2343573,
2345022,
2345060,
2345265,
2345666,
2346913,
2347283,
2347621,
2347781,
2347795,
2348125,
2348570,
2348742,
2349861,
2350762,
2350893,
2351706,
2351971,
2352551,
2352597,
2352614,
2352775,
2353051,
2353165,
2353405,
2353667,
2353985,
2354228,
2354342,
2354864,
2355214,
2356704,
2357068,
2357855,
2357858,
2357994,
2358253,
2359009,
2359027,
2359474,
2359609,
2359759,
2361128,
2361942,
2362781,
2362790,
2363463,
2363739,
2364291,
2364834,
2365715,
2366573,
2367308,
2367598,
2367600,
2367628,
2368341,
2368404,
2368604,
2369353,
2371277,
2371309,
2371377,
2371402,
2372011,
2372436,
2372965,
2373118,
2373205,
2373379,
2375072,
2375227,
2375368,
2376146,
2377334,
2377769,
2378031,
2378881,
2379780,
2381109,
2381360,
2382300,
2382580,
2382865,
2382903,
2382927,
2382998,
2383451,
2383550,
2385102,
2386141,
2386487,
2386539,
2386579,
2386907,
2386920,
2387344,
2389045,
2390309,
2390769,
2391397,
2391458,
2391662,
2392984,
2393419,
2393881,
2394783,
2395352,
2395498,
2396225,
2396515,
2398133,
2398333,
2400272,
2401008,
2401160,
2401165,
2401332,
2402773,
2404889,
2404977,
2405144,
2406454,
2406797,
2406899,
2407132,
2407959,
2408059,
2408357,
2408845,
2409054,
2410543,
2410673,
2410676,
2410862,
2411469,
2411836,
2413114,
2413273,
2413407,
2414378,
2414662,
2414843,
2415240,
2416484,
2417575,
2417990,
2418164,
2418308,
2418536,
2419580,
2419799,
2420513,
2421480,
2422032,
2423342,
2425200,
2427287,
2427695,
2427707,
2427725,
2427768,
2428427,
2429058,
2429227,
2429463,
2429942,
2431240,
2431677,
2432179,
2432918,
2434936,
2435003,
2435802,
2436814,
2436919,
2438264,
2438812,
2439325,
2439505,
2440678,
2440876,
2440951,
2441595,
2441602,
2441802,
2442112,
2442323,
2443028,
2443179,
2443374,
2443545,
2444314,
2444681,
2445482,
2445714,
2445905,
2446509,
2447114,
2447772,
2448017,
2448658,
2448857,
2449096,
2449364,
2449870,
2450648,
2451930,
2452106,
2452141,
2452999,
2453204,
2453658,
2454570,
2455874,
2455914,
2456593,
2456696,
2457285,
2457392,
2458249,
2460039,
2460123,
2460568,
2460659,
2462441,
2462541,
2463052,
2463734,
2464623,
2465081,
2465497,
2465676,
2466151,
2467067,
2467196,
2467253,
2467880,
2468118,
2470025,
2470927,
2471270,
2472583,
2473349,
2474248,
2474397,
2475590,
2475743,
2475827,
2476505,
2476659,
2476686,
2476905,
2477800,
2478628,
2479143,
2479408,
2479626,
2479863,
2480345,
2480533,
2480855,
2481032,
2481723,
2481728,
2481861,
2481881,
2482231,
2482735,
2483243,
2483566,
2484541,
2484647,
2484966,
2485570,
2486558,
2486944,
2487102,
2487314,
2487341,
2487880,
2487961,
2488036,
2489744,
2490086,
2490519,
2491234,
2491422,
2491853,
2491872,
2492657,
2493610,
2494647,
2494672,
2494715,
2494968,
2495158,
2495520,
2495834,
2495960,
2495966,
2496403,
2496528,
2496751,
2496788,
2497133,
2497224,
2497245,
2497267,
2498573,
2498809,
2498985,
2499459,
2499476,
2500055,
2500740,
2501545,
2502161,
2502866,
2503443,
2503608,
2503635,
2503664,
2505278,
2505659,
2506059,
2506291,
2507756,
2507809,
2508747,
2509694,
2510182,
2510665,
2511405,
2512601,
2512637,
2512666,
2512861,
2513281,
2513681,
2514664,
2515478,
2515484,
2515650,
2515675,
2516228,
2517597,
2517670,
2517856,
2517952,
2518256,
2519693,
2520693,
2521115,
2521793,
2522315,
2522488,
2522646,
2522873,
2524122,
2524817,
2525130,
2525221,
2525284,
2525369,
2525628,
2525880,
2526044,
2526616,
2527154,
2527305,
2527421,
2528212,
2528215,
2528344,
2528999,
2529136,
2529275,
2531518,
2532086,
2532670,
2533275,
2534056,
2534976,
2535038,
2535560,
2535714,
2535723,
2536082,
2536337,
2538037,
2538118,
2538327,
2539034,
2539399,
2540665,
2541495,
2542201,
2542341,
2543058,
2543424,
2543506,
2543526,
2543869,
2544781,
2544810,
2544915,
2545003,
2545539,
2545812,
2546278,
2546566,
2548630,
2548834,
2549272,
2549433,
2549789,
2550617,
2551003,
2551535,
2552355,
2552385,
2552491,
2552497,
2553073,
2553299,
2553938,
2554572,
2555037,
2555088,
2555410,
2555755,
2555910,
2556323,
2556915,
2558681,
2559201,
2559217,
2559259,
2559399,
2560995,
2561227,
2561391,
2562775,
2563646,
2564167,
2564999,
2565087,
2565497,
2565744,
2566731,
2567118,
2567454,
2568039,
2569150,
2569478,
2569897,
2570375,
2571184,
2571836,
2572151,
2572288,
2573358,
2573509,
2574149,
2574153,
2574190,
2574371,
2574666,
2575299,
2575742,
2576265,
2576463,
2576864,
2577407,
2577501,
2577736,
2577959,
2578160,
2580113,
2580439,
2580943,
2581086,
2581922,
2582873,
2583124,
2583212,
2583404,
2583497,
2583529,
2584224,
2584239,
2584531,
2585342,
2585428,
2585645,
2585705,
2585847,
2586259,
2587235,
2587657,
2587659,
2588548,
2588754,
2589746,
2590356,
2592490,
2592535,
2592998,
2593281,
2593624,
2594024,
2595369,
2595433,
2595787,
2595886,
2601189,
2601475,
2602046,
2602200,
2602498,
2603166,
2603218,
2603435,
2603503,
2604454,
2607333,
2607713,
2607755,
2607977,
2608327,
2609383,
2609950,
2610788,
2611331,
2611521,
2612318,
2612520,
2613264,
2614609,
2616005,
2616115,
2616355,
2617938,
2618975,
2619425,
2620163,
2620700,
2621487,
2621786,
2622031,
2622170,
2622304,
2622305,
2622566,
2623297,
2623372,
2623627,
2623688,
2624114,
2624146,
2624789,
2624826,
2625633,
2626265,
2626385,
2626615,
2626747,
2627099,
2628413,
2628736,
2629081,
2630573,
2630697,
2631789,
2632056,
2632374,
2632654,
2632891,
2632910,
2632987,
2633335,
2634255,
2634567,
2635775,
2635858,
2636288,
2637903,
2638347,
2639205,
2639340,
2640098,
2641439,
2641637,
2642202,
2643297,
2644902,
2645255,
2645259,
2645318,
2645494,
2645635,
2647019,
2647168,
2647320,
2647725,
2648160,
2648268,
2648548,
2649044,
2650122,
2650582,
2651099,
2651211,
2652493,
2652547,
2653646,
2653750,
2654106,
2654176,
2655258,
2655864,
2656198,
2656301,
2656655,
2657581,
2658203,
2658976,
2659639,
2660514,
2661072,
2661974,
2662234,
2662833,
2663330,
2666505,
2666529,
2666646,
2666895,
2668942,
2669100,
2669526,
2669861,
2670022,
2670141,
2672017,
2672099,
2672961,
2673109,
2673775,
2674412,
2674996,
2675715,
2676947,
2677016,
2677020,
2677926,
2678251,
2678754,
2679508,
2679523,
2680195,
2680704,
2681935,
2683353,
2684123,
2684548,
2684552,
2686285,
2686494,
2686892,
2687685,
2687714,
2687877,
2687992,
2688388,
2688466,
2688652,
2688724,
2692309,
2692363,
2693414,
2694201,
2694429,
2694715,
2695283,
2695691,
2696495,
2696962,
2697611,
2697887,
2698315,
2698565,
2699225,
2699801,
2700756,
2701526,
2701626,
2701693,
2702019,
2702287,
2702435,
2703222,
2703353,
2704671,
2706974,
2708439,
2709554,
2710355,
2710490,
2710558,
2711189,
2711205,
2711468,
2712081,
2712155,
2712917,
2712929,
2714215,
2714540,
2715708,
2716681,
2716772,
2717112,
2717145,
2717493,
2718091,
2718478,
2718528,
2718575,
2718651,
2719020,
2719143,
2719210,
2719701,
2720498,
2720841,
2720934,
2722626,
2722764,
2723251,
2724502,
2725328,
2725832,
2726153,
2727295,
2727903,
2728059,
2728085,
2728303,
2728743,
2729955,
2730048,
2730231,
2731307,
2731667,
2732501,
2733276,
2735169,
2736314,
2737709,
2737805,
2738023,
2738383,
2738720,
2739229,
2739494,
2740174,
2740256,
2741298,
2741405,
2741693,
2741783,
2743595,
2743766,
2744137,
2744377,
2744408,
2744662,
2746123,
2746340,
2747034,
2747170,
2747711,
2747874,
2748487,
2749270,
2750208,
2751793,
2752258,
2752689,
2753036,
2753494,
2753896,
2753910,
2754135,
2754375,
2754415,
2754563,
2755260,
2755563,
2755754,
2755996,
2756173,
2756410,
2756676,
2757070,
2757682,
2759109,
2760099,
2760551,
2760600,
2760671,
2760687,
2761766,
2761973,
2762540,
2762615,
2764633,
2764808,
2766237,
2767083,
2767498,
2767649,
2767655,
2767719,
2768202,
2768423,
2768701,
2769619,
2769626,
2770067,
2770186,
2770953,
2771132,
2771700,
2771746,
2771779,
2772648,
2774128,
2774135,
2774712,
2774742,
2776616,
2776674,
2777361,
2777435,
2778942,
2779534,
2779633,
2779924,
2780119,
2780280,
2780516,
2780691,
2783308,
2783584,
2783950,
2785415,
2786358,
2787473,
2787588,
2787689,
2787963,
2788167,
2788174,
2788198,
2788577,
2789980,
2790208,
2790351,
2791496,
2792114,
2792788,
2792838,
2792848,
2793041,
2794647,
2795943,
2796496,
2796563,
2796731,
2796751,
2796961,
2797347,
2798060,
2798513,
2798598,
2798730,
2798775,
2798784,
2799330,
2799696,
2800676,
2801100,
2801775,
2801781,
2802339,
2802441,
2802786,
2803354,
2804017,
2804283,
2804445,
2805563,
2806346,
2806509,
2806832,
2807213,
2807615,
2808106,
2808113,
2808127,
2808519,
2808579,
2808619,
2808765,
2808772,
2809369,
2809890,
2811387,
2811515,
2811905,
2812073,
2812203,
2812338,
2813352,
2814181,
2814750,
2815528,
2816391,
2817325,
2818311,
2818737,
2818796,
2819641,
2819662,
2819769,
2820397,
2820674,
2821741,
2822460,
2822580,
2822710,
2822756,
2822918,
2823048,
2823633,
2824330,
2824436,
2824587,
2824909,
2825023,
2825434,
2825780,
2825892,
2826128,
2826261,
2826890,
2827549,
2828968,
2829366,
2829801,
2829932,
2830004,
2830504,
2831455,
2832075,
2833135,
2834418,
2834471,
2834756,
2834839,
2835173,
2835591,
2835602,
2835882,
2836137,
2836908,
2837024,
2838369,
2838403,
2838473,
2839650,
2839862,
2840062,
2840851,
2841115,
2841248,
2841656,
2845210,
2845316,
2846011,
2847247,
2848299,
2848946,
2849083,
2849570,
2849602,
2850109,
2850351,
2850394,
2850523,
2850849,
2852182,
2853085,
2853129,
2854172,
2854472,
2855351,
2855559,
2856391,
2856830,
2857158,
2858694,
2859543,
2860300,
2860592,
2861240,
2861703,
2861825,
2862612,
2862663,
2863766,
2863933,
2864393,
2864687,
2865049,
2865215,
2865529,
2865706,
2865999,
2866099,
2866420,
2866640,
2866765,
2867011,
2867851,
2868857,
2870167,
2870227,
2870619,
2870724,
2871254,
2871471,
2871910,
2871963,
2872334,
2872803,
2873270,
2874194,
2874822,
2875711,
2875781,
2875786,
2875996,
2876151,
2876990,
2877119,
2877140,
2877760,
2878203,
2878341,
2880002,
2880075,
2881310,
2882021,
2882679,
2883807,
2883934,
2884268,
2885491,
2886251,
2886730,
2887342,
2887555,
2887920,
2887964,
2889950,
2890587,
2890960,
2891031,
2892582,
2892775,
2894437,
2894703,
2895195,
2895255,
2895908,
2896176,
2896275,
2896498,
2896933,
2897132,
2897543,
2898615,
2898774,
2898988,
2899027,
2899164,
2900162,
2900407,
2901883,
2902219,
2903761,
2903808,
2904228,
2904786,
2905039,
2905670,
2906606,
2907141,
2907190,
2907800,
2907875,
2908360,
2908463,
2909031,
2909678,
2909732,
2909847,
2910221,
2911530,
2911720,
2911968,
2912710,
2912834,
2913488,
2913889,
2915471,
2915938,
2915976,
2916309,
2916416,
2917912,
2918007,
2918147,
2918278,
2919427,
2919707,
2919774,
2920584,
2920876,
2921288,
2921621,
2921949,
2922367,
2922376,
2922439,
2922539,
2922594,
2923709,
2924269,
2924315,
2924404,
2925271,
2925427,
2925461,
2925594,
2927002,
2927062,
2927752,
2929963,
2930242,
2930504,
2930578,
2930584,
2931874,
2933797,
2934993,
2935655,
2935940,
2936122,
2936467,
2936755,
2936984,
2937179,
2937226,
2937425,
2937670,
2938261,
2939085,
2939348,
2939762,
2941188,
2942244,
2943562,
2944168,
2945235,
2945388,
2945833,
2945934,
2946147,
2946673,
2946971,
2946980,
2947294,
2947386,
2947737,
2947794,
2947857,
2948025,
2948158,
2949239,
2949404,
2950013,
2950688,
2951630,
2951679,
2951955,
2952227,
2953950,
2954267,
2954373,
2954395,
2954868,
2955185,
2955404,
2955603,
2955793,
2956872,
2957322,
2957486,
2957756,
2957842,
2958044,
2958609,
2958891,
2958918,
2959107,
2959501,
2960215,
2960290,
2961342,
2961436,
2961714,
2961990,
2962240,
2962918,
2963357,
2963737,
2963777,
2963928,
2965582,
2965788,
2967082,
2967900,
2968109,
2968389,
2968714,
2970202,
2970441,
2971178,
2971182,
2972137,
2972274,
2972860,
2973100,
2973689,
2975374,
2975419,
2976165,
2976376,
2977382,
2978137,
2978169,
2978237,
2978731,
2979252,
2979539,
2980162,
2980681,
2980689,
2981309,
2981728,
2982846,
2982926,
2983072,
2984315,
2984971,
2985177,
2985405,
2985637,
2988800,
2988846,
2990311,
2990553,
2990836,
2991030,
2991256,
2992636,
2993221,
2994311,
2994678,
2996128,
2996642,
2996842,
2997478,
2997496,
2997514,
2997676,
2997778,
2998368,
2999724,
3000331,
3000862,
3001498,
3002026,
3002378,
3002450,
3003545,
3003562,
3004425,
3004641,
3004943,
3006163,
3006782,
3006798,
3008435,
3008483,
3008752,
3009344,
3009368,
3009708,
3010856,
3011029,
3011073,
3011183,
3011842,
3011886,
3012106,
3012274,
3012918,
3012974,
3013012,
3013658,
3014086,
3014409,
3014564,
3014578,
3014656,
3014810,
3015103,
3015402,
3015995,
3016059,
3016547,
3017197,
3017207,
3017335,
3017972,
3019383,
3019510,
3019695,
3019924,
3020537,
3020847,
3020896,
3021218,
3022084,
3022560,
3022696,
3022995,
3023357,
3023425,
3023491,
3023666,
3024057,
3024643,
3026942,
3027288,
3027469,
3029060,
3029173,
3029334,
3029592,
3029771,
3029800,
3030308,
3031130,
3031402,
3032322,
3032364,
3032838,
3032849,
3033591,
3033892,
3034200,
3034763,
3035781,
3036509,
3037018,
3037221,
3037463,
3037871,
3037902,
3038295,
3038644,
3039086,
3039126,
3039293,
3039534,
3040298,
3041798,
3042285,
3042404,
3042419,
3043475,
3044367,
3045163,
3045275,
3046656,
3046974,
3047262,
3047730,
3048037,
3048339,
3049991,
3050197,
3050478,
3050618,
3050887,
3051280,
3051348,
3051390,
3052349,
3052698,
3052754,
3052780,
3053465,
3054650,
3055262,
3055268,
3056655,
3056961,
3057165,
3057408,
3057755,
3057787,
3058422,
3058496,
3059740,
3061315,
3062102,
3063498,
3064596,
3064721,
3065211,
3065519,
3065653,
3065864,
3066686,
3067056,
3067058,
3067556,
3068651,
3069230,
3069859,
3070759,
3070781,
3071087,
3071128,
3071481,
3071783,
3072401,
3072514,
3073053,
3073144,
3073145,
3074024,
3074211,
3075203,
3075253,
3075637,
3075735,
3075793,
3076789,
3077787,
3078355,
3079128,
3079139,
3079473,
3079488,
3079563,
3080092,
3080397,
3080990,
3082914,
3083309,
3084207,
3085423,
3085522,
3085626,
3085736,
3086083,
3086519,
3087806,
3087867,
3088002,
3089439,
3090026,
3090570,
3092351,
3092458,
3092937,
3093113,
3093645,
3093898,
3094652,
3095061,
3095452,
3095734,
3096049,
3096675,
3096698,
3097637,
3097657,
3097782,
3097848,
3097887,
3100352,
3100541,
3100891,
3100935,
3101368,
3101772,
3102772,
3102872,
3103876,
3104225,
3104864,
3105449,
3106873,
3107687,
3108329,
3108510,
3108712,
3108925,
3109126,
3109240,
3109386,
3109662,
3110049,
3110290,
3110332,
3112507,
3113583,
3113635,
3114005,
3114358,
3114523,
3116013,
3116098,
3116893,
3118516,
3118971,
3119170,
3119912,
3120094,
3120687,
3120797,
3123824,
3123912,
3124109,
3124459,
3124778,
3125095,
3125742,
3126007,
3127364,
3129334,
3129351,
3129507,
3129851,
3129896,
3130761,
3130777,
3130942,
3131243,
3131374,
3131630,
3131719,
3132845,
3132845,
3132948,
3133675,
3134016,
3135616,
3135955,
3136167,
3136432,
3136936,
3138085,
3138222,
3138296,
3138315,
3139625,
3139778,
3140215,
3140469,
3140474,
3141066,
3141403,
3141471,
3141613,
3141710,
3141719,
3142746,
3142923,
3143447,
3144145,
3144197,
3144233,
3144405,
3144426,
3144692,
3145074,
3146140,
3146649,
3147238,
3147991,
3148728,
3149144,
3149153,
3149324,
3149948,
3151038,
3152223,
3152277,
3152307,
3152723,
3152818,
3153372,
3153456,
3153706,
3153898,
3153915,
3154733,
3156562,
3157211,
3157742,
3157865,
3158364,
3158578,
3158706,
3158858,
3158874,
3159714,
3160608,
3160858,
3161059,
3161130,
3161196,
3161417,
3161448,
3161937,
3162065,
3162191,
3162206,
3162371,
3162785,
3164193,
3164842,
3165212,
3165545,
3165757,
3167205,
3167640,
3167662,
3167792,
3167851,
3167954,
3168362,
3168443,
3169093,
3169243,
3169818,
3171300,
3171896,
3172296,
3172414,
3172446,
3173350,
3173486,
3173528,
3174638,
3174890,
3176410,
3179461,
3179846,
3181241,
3181857,
3181997,
3182043,
3182083,
3182254,
3183024,
3184449,
3184719,
3184728,
3184851,
3184940,
3185396,
3185469,
3185617,
3185689,
3185947,
3186767,
3186863,
3187925,
3188252,
3188627,
3189557,
3189564,
3189833,
3190366,
3190948,
3192533,
3192535,
3192942,
3193665,
3194212,
3194345,
3194438,
3194455,
3195453,
3197240,
3197869,
3198353,
3198424,
3198571,
3198867,
3198892,
3199244,
3201753,
3202319,
3202824,
3204604,
3204895,
3205807,
3206014,
3206165,
3206253,
3206734,
3207892,
3208876,
3209493,
3209614,
3209808,
3210148,
3211415,
3211416,
3212519,
3213149,
3213192,
3213520,
3214576,
3214626,
3214926,
3215290,
3217150,
3217311,
3217641,
3217854,
3218051,
3218614,
3219151,
3219334,
3219476,
3219918,
3220188,
3220213,
3220557,
3220887,
3221444,
3221475,
3222100,
3222675,
3222970,
3223268,
3224042,
3225075,
3225693,
3227461,
3227849,
3228110,
3228729,
3228811,
3228998,
3229186,
3229354,
3229901,
3230197,
3230500,
3230577,
3231556,
3232235,
3232880,
3233427,
3234205,
3235100,
3236051,
3237282,
3237640,
3238236,
3239034,
3239606,
3240008,
3240152,
3240552,
3241611,
3242005,
3242591,
3243108,
3243516,
3243834,
3245252,
3245386,
3246224,
3246452,
3246987,
3247254,
3248149,
3248398,
3248699,
3248963,
3249210,
3249541,
3249950,
3249973,
3250283,
3250387,
3250582,
3251059,
3251097,
3252173,
3252578,
3252754,
3252817,
3252975,
3253012,
3253192,
3253267,
3253385,
3254884,
3255215,
3255556,
3255758,
3256348,
3256363,
3256817,
3257485,
3258172,
3258361,
3258799,
3259188,
3259213,
3259872,
3260062,
3260206,
3260506,
3261162,
3261700,
3262488,
3262545,
3263029,
3263719,
3265411,
3265476,
3265496,
3266122,
3266353,
3266834,
3266931,
3267056,
3267355,
3267479,
3268003,
3269609,
3269964,
3270182,
3270759,
3271784,
3272837,
3272966,
3273287,
3273781,
3274601,
3275165,
3275571,
3275609,
3275660,
3276105,
3276547,
3276974,
3277333,
3277747,
3278183,
3278306,
3278380,
3278469,
3279033,
3279134,
3279397,
3279642,
3279706,
3280314,
3280812,
3280988,
3281508,
3282045,
3282317,
3283568,
3285018,
3285042,
3285645,
3285971,
3286846,
3287230,
3288329,
3289616,
3291042,
3291334,
3291354,
3291901,
3292271,
3292498,
3292807,
3292824,
3292981,
3293275,
3293596,
3294216,
3294677,
3294831,
3294861,
3294984,
3295059,
3295144,
3295945,
3296806,
3296921,
3296938,
3297784,
3299004,
3299007,
3299642,
3299669,
3300207,
3300374,
3301227,
3301344,
3301891,
3302260,
3302528,
3303458,
3303530,
3303781,
3304325,
3305760,
3306237,
3306337,
3307867,
3307940,
3307986,
3308277,
3308364,
3308981,
3309224,
3309864,
3310142,
3310309,
3310419,
3311403,
3311480,
3312289,
3312469,
3312607,
3313297,
3313316,
3314572,
3315519,
3316380,
3316468,
3316766,
3317348,
3318301,
3319196,
3319411,
3319457,
3319896,
3319918,
3320341,
3322170,
3322399,
3322461,
3323848,
3324006,
3324090,
3325239,
3325277,
3325681,
3326339,
3326401,
3326496,
3326635,
3327088,
3328962,
3330049,
3330060,
3330617,
3331676,
3331720,
3331941,
3332500,
3333704,
3333814,
3333826,
3334055,
3334146,
3334699,
3334713,
3334796,
3334805,
3335130,
3335201,
3336381,
3336574,
3336883,
3336973,
3337377,
3337496,
3339358,
3340065,
3341210,
3341379,
3341970,
3342736,
3342811,
3342823,
3342926,
3342983,
3343351,
3343941,
3344163,
3346116,
3346517,
3347003,
3347143,
3348246,
3348485,
3348504,
3349168,
3349189,
3351082,
3351785,
3352198,
3352592,
3353014,
3353955,
3354556,
3355237,
3355593,
3356454,
3356638,
3356709,
3357374,
3357510,
3357876,
3358788,
3359412,
3360032,
3360061,
3360284,
3361135,
3361262,
3361661,
3362224,
3362343,
3362439,
3362440,
3362484,
3362511,
3362810,
3363187,
3363238,
3365331,
3365623,
3367310,
3367395,
3367471,
3367631,
3367979,
3368271,
3368575,
3368629,
3368931,
3369076,
3369432,
3371179,
3371583,
3371648,
3371734,
3371919,
3372481,
3372623,
3373853,
3373890,
3375219,
3375223,
3375461,
3375661,
3377076,
3377175,
3377510,
3377543,
3378677,
3378685,
3380073,
3380584,
3380841,
3380926,
3381004,
3382878,
3383531,
3383552,
3383756,
3383850,
3384163,
3384568,
3385539,
3385567,
3386555,
3386945,
3386957,
3387083,
3387716,
3388205,
3389628,
3389854,
3389904,
3390460,
3390511,
3390805,
3392218,
3392391,
3392711,
3393048,
3393247,
3393907,
3394284,
3397155,
3397975,
3397986,
3398091,
3398333,
3399908,
3400154,
3401405,
3401509,
3401582,
3401605,
3402107,
3402382,
3402449,
3402812,
3403702,
3404864,
3405082,
3405224,
3405487,
3405531,
3406926,
3407172,
3407548,
3408038,
3408318,
3408474,
3409171,
3409439,
3409794,
3409815,
3410854,
3411334,
3412018,
3412644,
3413019,
3414094,
3414149,
3414950,
3415479,
3415846,
3416148,
3416534,
3417167,
3417197,
3417767,
3417938,
3418053,
3418711,
3419250,
3420184,
3420371,
3421005,
3421669,
3422776,
3424730,
3424943,
3425055,
3425536,
3426139,
3426305,
3427004,
3427205,
3427239,
3427246,
3427957,
3428104,
3428138,
3428334,
3428568,
3429962,
3430056,
3430143,
3430826,
3431773,
3432025,
3433159,
3433256,
3433342,
3433774,
3434195,
3434424,
3434914,
3435204,
3435438,
3435614,
3436201,
3436648,
3437236,
3437834,
3437968,
3438436,
3438467,
3438950,
3439218,
3439429,
3439491,
3440468,
3440510,
3440569,
3441021,
3441027,
3441146,
3441247,
3441842,
3441921,
3442935,
3443043,
3444467,
3445297,
3445366,
3445416,
3448560,
3448640,
3449201,
3449663,
3449975,
3450029,
3450758,
3450812,
3452928,
3453041,
3454211,
3454676,
3457071,
3457528,
3458200,
3460022,
3460737,
3460839,
3461511,
3461953,
3462504,
3462847,
3463228,
3463926,
3464070,
3464595,
3464833,
3465474,
3465687,
3466072,
3466446,
3467074,
3467457,
3468120,
3468268,
3468879,
3469501,
3469603,
3469823,
3470073,
3470956,
3471379,
3471917,
3472102,
3472916,
3473934,
3474499,
3475290,
3476178,
3477519,
3477944,
3478495,
3478598,
3478690,
3479056,
3479503,
3479629,
3479684,
3480282,
3480430,
3480633,
3481030,
3481527,
3482731,
3482769,
3482914,
3483143,
3483201,
3483290,
3483304,
3483603,
3484663,
3486096,
3486838,
3486867,
3487306,
3488113,
3491033,
3491079,
3491080,
3491092,
3491554,
3491979,
3492434,
3492598,
3493301,
3493323,
3494362,
3494985,
3495885,
3496784,
3497414,
3497434,
3497874,
3498010,
3498762,
3499245,
3499485,
3499686,
3500105,
3501507,
3501863,
3502163,
3502292,
3503215,
3504340,
3505014,
3505122,
3507061,
3507471,
3507782,
3508081,
3508816,
3509235,
3509583,
3509850,
3509916,
3510220,
3511000,
3511729,
3512061,
3512597,
3513036,
3513341,
3513377,
3513785,
3513888,
3514021,
3514714,
3515304,
3515751,
3515765,
3516240,
3516402,
3516469,
3516566,
3516637,
3517146,
3517541,
3517710,
3518240,
3518258,
3519059,
3519936,
3520041,
3520561,
3522969,
3523850,
3525019,
3525312,
3525376,
3525555,
3525927,
3525967,
3527296,
3527651,
3528707,
3529014,
3529027,
3529483,
3530066,
3531015,
3531237,
3531300,
3531789,
3532010,
3532579,
3533037,
3533083,
3533765,
3534075,
3534653,
3534778,
3534869,
3535478,
3536513,
3536610,
3537616,
3537847,
3538556,
3538691,
3538744,
3539321,
3540104,
3540751,
3540820,
3540988,
3541578,
3541668,
3542243,
3542475,
3543248,
3543252,
3544612,
3544654,
3545592,
3546883,
3548185,
3548371,
3549041,
3549167,
3549472,
3551457,
3551483,
3552411,
3553224,
3553599,
3554062,
3556032,
3558809,
3559633,
3559966,
3560220,
3561105,
3562805,
3563003,
3563297,
3563328,
3563462,
3564661,
3564821,
3565289,
3565624,
3565774,
3565780,
3566189,
3566960,
3567389,
3567726,
3567803,
3567845,
3568051,
3568082,
3569466,
3569541,
3569686,
3569869,
3570171,
3570555,
3570715,
3571331,
3571381,
3571397,
3571489,
3571788,
3572180,
3572788,
3572790,
3572796,
3572827,
3573375,
3573874,
3575479,
3576407,
3576458,
3577007,
3577106,
3578286,
3578291,
3578721,
3580382,
3581054,
3582977,
3583124,
3583160,
3583701,
3584091,
3584585,
3585786,
3586052,
3586097,
3586138,
3587510,
3587874,
3588662,
3589749,
3589946,
3590330,
3590987,
3591078,
3591333,
3591971,
3594065,
3594319,
3594499,
3595231,
3595395,
3595754,
3596347,
3596493,
3596789,
3597007,
3597366,
3597558,
3597856,
3598682,
3599217,
3599534,
3599728,
3599856,
3599860,
3599949,
3600541,
3600818,
3601054,
3601075,
3602424,
3602514,
3602717,
3603321,
3603464,
3603477,
3603946,
3604349,
3604813,
3605269,
3605697,
3605771,
3606587,
3607568,
3608228,
3608430,
3608488,
3608841,
3610338,
3610640,
3610776,
3610827,
3611128,
3611573,
3611922,
3612375,
3612617,
3612736,
3613141,
3613681,
3614329,
3615228,
3616060,
3616479,
3616597,
3618172,
3618255,
3618267,
3618464,
3619001,
3619504,
3619608,
3620583,
3621281,
3621355,
3623499,
3624108,
3624822,
3626018,
3626482,
3627059,
3627101,
3627624,
3628333,
3628432,
3628489,
3630732,
3630972,
3631203,
3631253,
3631464,
3631536,
3633620,
3633922,
3634027,
3634414,
3634873,
3635052,
3635488,
3635579,
3635648,
3636047,
3636326,
3636382,
3636565,
3636913,
3637522,
3638216,
3638219,
3638625,
3638695,
3638791,
3639695,
3639822,
3640117,
3640290,
3640653,
3640945,
3641174,
3641613,
3642068,
3642529,
3642805,
3642880,
3643035,
3643068,
3643447,
3643627,
3644235,
3644425,
3645228,
3645265,
3645990,
3646208,
3646663,
3647007,
3647032,
3647506,
3649868,
3649906,
3650226,
3650304,
3650422,
3651283,
3651809,
3652319,
3652352,
3652823,
3654413,
3655159,
3655847,
3655962,
3656139,
3656258,
3656514,
3656600,
3657280,
3657449,
3658191,
3658424,
3658547,
3659281,
3660415,
3661553,
3661818,
3662095,
3662099,
3663113,
3663925,
3664114,
3664348,
3664402,
3664656,
3664910,
3665774,
3667348,
3667889,
3668049,
3668319,
3668547,
3668763,
3669215,
3670368,
3670454,
3670455,
3670650,
3671081,
3671280,
3671425,
3671970,
3672377,
3672843,
3672892,
3672909,
3673185,
3673346,
3673348,
3673357,
3673726,
3673733,
3673935,
3673950,
3674490,
3674968,
3675246,
3676234,
3676341,
3676524,
3676547,
3677590,
3678322,
3679374,
3679562,
3681345,
3682409,
3682983,
3684175,
3684548,
3684662,
3684859,
3685006,
3685310,
3686287,
3686371,
3686570,
3687086,
3687169,
3687250,
3687642,
3688470,
3690045,
3690395,
3691639,
3692061,
3692590,
3693171,
3694040,
3694138,
3694641,
3695007,
3695053,
3695149,
3695526,
3695583,
3695797,
3697185,
3697800,
3697909,
3698964,
3699242,
3699380,
3699606,
3700718,
3701057,
3701297,
3702066,
3702751,
3702906,
3703190,
3704163,
3704317,
3704335,
3704779,
3705212,
3705415,
3705859,
3705930,
3707806,
3707845,
3707928,
3708420,
3708746,
3708965,
3709079,
3709357,
3710244,
3710640,
3711367,
3711460,
3711690,
3712501,
3712502,
3715281,
3715989,
3716122,
3716528,
3716985,
3717463,
3717886,
3718546,
3720338,
3721826,
3722057,
3722256,
3722340,
3723626,
3725224,
3725770,
3726358,
3726395,
3726709,
3727326,
3728055,
3728416,
3729016,
3729769,
3730450,
3733303,
3733683,
3736120,
3736130,
3736233,
3738031,
3738652,
3739323,
3739469,
3740325,
3742408,
3743632,
3743642,
3744480,
3744640,
3746121,
3746842,
3746968,
3748859,
3749006,
3749189,
3749368,
3750748,
3750777,
3750810,
3751285,
3751474,
3751507,
3751639,
3751885,
3751908,
3752365,
3754033,
3754186,
3754190,
3754530,
3755070,
3755275,
3755686,
3755988,
3756562,
3757888,
3758193,
3758441,
3760317,
3760367,
3760708,
3760795,
3762034,
3762479,
3762491,
3762736,
3762786,
3762800,
3763226,
3763374,
3763457,
3763658,
3763710,
3763894,
3765634,
3765773,
3766254,
3766434,
3766450,
3767231,
3767241,
3767452,
3767665,
3767767,
3768211,
3769321,
3770124,
3770759,
3771763,
3771855,
3772942,
3773203,
3773289,
3773515,
3773689,
3773820,
3774051,
3774844,
3774873,
3775047,
3775897,
3776463,
3776471,
3776659,
3776919,
3778174,
3778504,
3779700,
3779791,
3780044,
3780156,
3781253,
3781446,
3783006,
3783245,
3784223,
3784527,
3784680,
3784970,
3785282,
3786276,
3786393,
3786628,
3787189,
3788080,
3789892,
3790062,
3790368,
3791147,
3792067,
3792123,
3792343,
3793067,
3793179,
3793273,
3793455,
3793809,
3793953,
3794388,
3794583,
3794813,
3796124,
3796126,
3796445,
3796724,
3797486,
3797574,
3797708,
3798035,
3799298,
3800764,
3801160,
3801933,
3801978,
3802468,
3802945,
3805245,
3805617,
3805869,
3805955,
3806219,
3806604,
3807251,
3807373,
3807854,
3808132,
3808180,
3808196,
3808895,
3809022,
3809117,
3809375,
3809537,
3809636,
3809697,
3809933,
3810137,
3810450,
3810461,
3811385,
3812233,
3812416,
3812692,
3812699,
3813415,
3813461,
3814410,
3814733,
3815945,
3817270,
3817729,
3818083,
3818157,
3818171,
3818199,
3819380,
3819721,
3820134,
3820749,
3821032,
3821185,
3821236,
3821822,
3822603,
3822866,
3823182,
3823410,
3823462,
3823751,
3823766,
3823779,
3823918,
3824683,
3825056,
3825182,
3826749,
3826920,
3826931,
3827588,
3828070,
3828394,
3828444,
3828539,
3828668,
3829837,
3829964,
3830898,
3831065,
3831917,
3833888,
3834595,
3834675,
3834915,
3835107,
3835116,
3836061,
3836126,
3836309,
3837293,
3837342,
3837702,
3837754,
3838007,
3838352,
3838548,
3838633,
3838938,
3839227,
3839289,
3839590,
3840783,
3840825,
3841067,
3841696,
3842761,
3843017,
3843114,
3843574,
3844222,
3844762,
3845135,
3845918,
3846302,
3846745,
3847450,
3848752,
3848990,
3849404,
3849586,
3849958,
3850081,
3850396,
3850676,
3850958,
3853390,
3853536,
3853654,
3854607,
3856245,
3857165,
3858408,
3858617,
3859676,
3861251,
3861678,
3861800,
3862173,
3862355,
3862910,
3863173,
3863794,
3865376,
3865734,
3866285,
3866593,
3867223,
3867412,
3868077,
3868527,
3868750,
3869245,
3870866,
3871906,
3872072,
3872122,
3872692,
3872767,
3873630,
3873724,
3874550,
3875022,
3875150,
3875989,
3876092,
3876285,
3876710,
3877280,
3877812,
3878026,
3879022,
3879081,
3879255,
3879760,
3880436,
3882360,
3883296,
3883299,
3883652,
3884818,
3885197,
3885904,
3886118,
3888688,
3889365,
3889909,
3889984,
3890838,
3891150,
3891362,
3891365,
3891490,
3891647,
3892565,
3892585,
3892960,
3893158,
3893217,
3893374,
3893599,
3894174,
3896127,
3897012,
3897045,
3897817,
3898038,
3898723,
3898982,
3899851,
3900197,
3903115,
3903625,
3903713,
3904093,
3904500,
3904558,
3905198,
3905390,
3907901,
3908188,
3908247,
3908699,
3908745,
3908916,
3909368,
3909595,
3909737,
3911707,
3912289,
3912656,
3913055,
3913184,
3914513,
3914703,
3915103,
3916521,
3917048,
3917354,
3918247,
3918335,
3919545,
3919605,
3919790,
3919813,
3919932,
3920233,
3920984,
3921412,
3921519,
3921687,
3921827,
3922384,
3923070,
3923102,
3923528,
3924669,
3924749,
3924887,
3925042,
3925456,
3926081,
3926245,
3926814,
3926852,
3928899,
3929060,
3929787,
3929994,
3930042,
3930814,
3932545,
3932641,
3933327,
3933932,
3934011,
3934246,
3935027,
3935265,
3935789,
3935931,
3936460,
3936537,
3936770,
3937256,
3937371,
3937382,
3937969,
3939034,
3939475,
3939509,
3939516,
3939980,
3940167,
3940448,
3940597,
3941019,
3941588,
3941636,
3942736,
3943378,
3944082,
3944454,
3944803,
3945081,
3945254,
3946244,
3946361,
3946428,
3946735,
3946963,
3947170,
3948258,
3948618,
3948735,
3948774,
3951017,
3951433,
3952061,
3952289,
3952337,
3953021,
3953804,
3953864,
3953986,
3954643,
3955069,
3956866,
3957031,
3957463,
3957503,
3958000,
3958516,
3959332,
3960096,
3960662,
3961562,
3962279,
3962320,
3962808,
3962979,
3963303,
3964507,
3966021,
3966314,
3966499,
3967226,
3967555,
3967925,
3968529,
3968774,
3968969,
3969725,
3969949,
3970507,
3972873,
3972897,
3975203,
3975785,
3975847,
3976528,
3977086,
3977175,
3978091,
3978596,
3978796,
3978954,
3979563,
3979572,
3979906,
3980078,
3980089,
3980280,
3982896,
3983170,
3983440,
3983842,
3984226,
3984445,
3984633,
3985049,
3985111,
3985371,
3985577,
3985637,
3986337,
3987849,
3988223,
3988549,
3988862,
3990047,
3990151,
3990610,
3991939,
3992018,
3992730,
3994013,
3994070,
3994390,
3994865,
3995013,
3995375,
3995621,
3996089,
3996627,
3997350,
3997350,
3997456,
3997464,
3998167,
3998944,
3999472,
3999686,
4000103,
4000132,
4000201,
4000672,
4000696,
4000739,
4001013,
4001549,
4001890,
4002094,
4002454,
4003822,
4004281,
4004487,
4004567,
4005112,
4006000,
4006199,
4007861,
4008074,
4008174,
4008385,
4008662,
4008816,
4009856,
4010612,
4011890,
4012105,
4012236,
4013589,
4013816,
4014293,
4014983,
4015149,
4015621,
4016191,
4016616,
4016943,
4017545,
4017665,
4017811,
4017818,
4018357,
4018527,
4018746,
4019209,
4019424,
4019469,
4019673,
4019702,
4020554,
4020773,
4022000,
4022287,
4022577,
4023965,
4024580,
4024621,
4025900,
4026845,
4027394,
4027897,
4028199,
4028346,
4028642,
4028822,
4028870,
4028949,
4029125,
4030832,
4031139,
4031363,
4031477,
4032426,
4032514,
4032890,
4033111,
4034070,
4034083,
4034139,
4034291,
4035188,
4036202,
4036209,
4036218,
4037325,
4037421,
4037553,
4037962,
4038331,
4038558,
4039194,
4039482,
4040890,
4041023,
4041202,
4041253,
4042056,
4042839,
4043458,
4045319,
4045420,
4045753,
4046071,
4046315,
4047379,
4048254,
4048454,
4049436,
4050209,
4050741,
4051147,
4051167,
4052219,
4053252,
4053289,
4053349,
4053943,
4054601,
4055135,
4055229,
4057278,
4057651,
4058106,
4058699,
4059006,
4059075,
4059349,
4059448,
4060444,
4060568,
4061624,
4061881,
4062481,
4063289,
4063369,
4063495,
4063729,
4064150,
4064735,
4064928,
4065235,
4065574,
4065706,
4065802,
4065889,
4066062,
4066106,
4066580,
4067831,
4068743,
4069242,
4069705,
4070205,
4070567,
4070764,
4071357,
4071492,
4071828,
4073017,
4073036,
4073523,
4074587,
4075438,
4076548,
4076658,
4078485,
4078521,
4079939,
4080376,
4080550,
4080776,
4081751,
4082317,
4082664,
4083092,
4084548,
4085515,
4085935,
4086681,
4086759,
4087037,
4087243,
4088494,
4089293,
4090173,
4090399,
4090866,
4091640,
4091676,
4091802,
4091810,
4092007,
4092558,
4092618,
4093678,
4093818,
4094201,
4094772,
4094930,
4094934,
4094996,
4096856,
4097637,
4098327,
4098923,
4099453,
4099592,
4100956,
4101558,
4103386,
4103449,
4103631,
4103855,
4104046,
4104205,
4104809,
4105036,
4105046,
4105089,
4105191,
4105500,
4106332,
4106489,
4107024,
4107220,
4107280,
4108020,
4109866,
4110312,
4110811,
4111377,
4111387,
4111591,
4112078,
4112826,
4113046,
4113472,
4114065,
4114762,
4116150,
4116263,
4116336,
4116479,
4116518,
4117078,
4117176,
4118220,
4118867,
4119763,
4120365,
4120417,
4122198,
4122388,
4123725,
4123811,
4124575,
4124595,
4125028,
4125541,
4125730,
4125828,
4126470,
4126615,
4127432,
4127676,
4127957,
4128016,
4128592,
4128806,
4129050,
4130289,
4130478,
4131204,
4132210,
4132370,
4132547,
4132584,
4132846,
4134020,
4134825,
4134845,
4135254,
4135344,
4135430,
4135437,
4135465,
4136375,
4138082,
4138316,
4139399,
4139519,
4139526,
4140015,
4140424,
4141336,
4142274,
4143178,
4143358,
4143465,
4144108,
4144126,
4145583,
4146104,
4147788,
4147918,
4147925,
4147967,
4148029,
4150826,
4151114,
4151219,
4151595,
4151743,
4152238,
4152270,
4153789,
4154389,
4154448,
4154723,
4154996,
4155265,
4155464,
4155610,
4155711,
4157774,
4158650,
4159188,
4159317,
4160051,
4160658,
4160825,
4161038,
4161745,
4161927,
4161962,
4164402,
4164546,
4164549,
4165626,
4165824,
4166592,
4167145,
4167387,
4167959,
4168142,
4168463,
4168606,
4169123,
4169158,
4170018,
4170269,
4171210,
4171214,
4172383,
4172741,
4173483,
4174273,
4174834,
4175590,
4176951,
4177016,
4177745,
4178886,
4179334,
4180252,
4180602,
4181385,
4182535,
4182723,
4183614,
4183704,
4183734,
4185911,
4185961,
4186122,
4187635,
4188296,
4189302,
4190257,
4190778,
4191543,
4192074,
4192383,
4192959,
4194054,
4194450,
4194529,
4194603,
4194827,
4194899,
4195968,
4196783,
4197497,
4197573,
4197721,
4199109,
4199418,
4199756,
4200045,
4200440,
4200894,
4201151,
4201729,
4201817,
4202292,
4202435,
4202630,
4202719,
4204641,
4204874,
4205737,
4206421,
4206924,
4207102,
4207556,
4208283,
4208309,
4208848,
4208978,
4209352,
4210436,
4210943,
4210974,
4212698,
4212919,
4213104,
4213254,
4214505,
4216775,
4217356,
4218202,
4219967,
4220014,
4220263,
4220410,
4220775,
4221199,
4221556,
4222107,
4222466,
4223181,
4223397,
4224298,
4224311,
4224595,
4224797,
4225474,
4225834,
4226131,
4226937,
4227133,
4227285,
4227549,
4228745,
4229157,
4230294,
4230483,
4230497,
4230653,
4230975,
4231105,
4231916,
4232216,
4233596,
4233683,
4234403,
4234942,
4235450,
4236155,
4237618,
4237807,
4237926,
4238606,
4239258,
4239510,
4239766,
4239922,
4240401,
4240588,
4240632,
4240696,
4241773,
4242004,
4243306,
4243694,
4244604,
4245336,
4245660,
4247996,
4248029,
4249140,
4249652,
4249778,
4250053,
4250239,
4250348,
4250706,
4251068,
4251216,
4251700,
4251804,
4251916,
4251962,
4252174,
4253670,
4253863,
4254322,
4254366,
4254681,
4254945,
4255346,
4257097,
4257251,
4257438,
4257524,
4257548,
4257703,
4258218,
4258579,
4258803,
4259349,
4260456,
4260547,
4260581,
4260831,
4261708,
4262278,
4263366,
4263585,
4263754,
4264819,
4266184,
4267376,
4267396,
4267447,
4267866,
4267931,
4268888,
4269106,
4269471,
4269984,
4270063,
4270185,
4270202,
4270640,
4270749,
4270749,
4271603,
4272253,
4273292,
4273323,
4274712,
4274935,
4275012,
4275274,
4275321,
4275495,
4275706,
4275912,
4276576,
4278081,
4278243,
4278402,
4278811,
4278881,
4278938,
4280092,
4280181,
4282330,
4282515,
4282915,
4283001,
4285859,
4286053,
4286509,
4286597,
4286985,
4287585,
4288680,
4289360,
4289583,
4289668,
4290916,
4291081,
4291319,
4291399,
4292119,
4292624,
4292694,
4295479,
4295535,
4295938,
4297236,
4297451,
4297880,
4298603,
4299698,
4299805,
4299962,
4300779,
4301477,
4302134,
4302627,
4302873,
4303032,
4303160,
4304361,
4306136,
4306219,
4306788,
4308603,
4308966,
4309017,
4309184,
4309585,
4310382,
4310928,
4311350,
4311781,
4312443,
4313831,
4313959,
4314105,
4314337,
4314370,
4314705,
4314850,
4315639,
4316153,
4316711,
4317276,
4317292,
4318204,
4318404,
4320003,
4320145,
4320818,
4320823,
4320831,
4321186,
4321706,
4323918,
4323955,
4324482,
4325005,
4325315,
4325902,
4325926,
4326759,
4327650,
4328223,
4328246,
4329693,
4330074,
4330364,
4332101,
4332792,
4332869,
4333062,
4333156,
4333216,
4333239,
4333367,
4333488,
4333659,
4334354,
4335360,
4335742,
4336321,
4336498,
4336545,
4336732,
4337277,
4337335,
4337653,
4338228,
4338927,
4339017,
4339594,
4339959,
4340885,
4341108,
4341220,
4341415,
4342881,
4343351,
4343412,
4343944,
4344134,
4344469,
4344930,
4345983,
4346347,
4347041,
4347204,
4347242,
4348020,
4348236,
4349170,
4349293,
4349342,
4349581,
4350065,
4350145,
4350364,
4350470,
4350509,
4351052,
4351966,
4352417,
4353308,
4354042,
4354191,
4355146,
4355591,
4356316,
4356741,
4356883,
4357701,
4357733,
4357742,
4358271,
4358291,
4358350,
4358386,
4359212,
4359282,
4359991,
4360454,
4360917,
4361293,
4361845,
4362983,
4363029,
4363417,
4364124,
4364222,
4365251,
4365890,
4367814,
4368375,
4368472,
4369003,
4369938,
4370071,
4370156,
4371068,
4371219,
4373520,
4374436,
4375004,
4377035,
4377356,
4377909,
4377976,
4378024,
4379557,
4380695,
4380993,
4381111,
4381269,
4381474,
4382421,
4383318,
4383920,
4384367,
4385910,
4386071,
4386532,
4388894,
4389218,
4389838,
4389958,
4390519,
4390535,
4392198,
4392199,
4392368,
4392545,
4392860,
4393337,
4393933,
4393941,
4394165,
4395553,
4395645,
4396842,
4397215,
4397870,
4398188,
4398829,
4399385,
4399842,
4400124,
4400471,
4400568,
4400842,
4402590,
4402909,
4403033,
4403480,
4403688,
4403823,
4404178,
4404298,
4404961,
4405292,
4405295,
4405535,
4407381,
4407443,
4407896,
4408500,
4408945,
4409057,
4409406,
4409818,
4409973,
4410075,
4410399,
4410809,
4410965,
4411553,
4412991,
4413019,
4413173,
4413769,
4413951,
4414797,
4415237,
4415889,
4416126,
4416169,
4416364,
4416955,
4418238,
4419415,
4419820,
4419903,
4420025,
4420974,
4421323,
4422601,
4422999,
4423014,
4423979,
4424318,
4424435,
4424806,
4425450,
4425833,
4426817,
4426894,
4427238,
4427553,
4428175,
4428601,
4428758,
4429298,
4429989,
4430671,
4431004,
4431205,
4433446,
4433882,
4433928,
4433978,
4434914,
4434927,
4435245,
4435499,
4435908,
4436521,
4436716,
4436788,
4436891,
4437464,
4437673,
4437996,
4438564,
4439854,
4440021,
4440808,
4440978,
4441296,
4441817,
4442888,
4443808,
4444039,
4444822,
4445167,
4445239,
4445364,
4446280,
4447048,
4447584,
4447607,
4447830,
4447994,
4448006,
4448299,
4448627,
4448742,
4450294,
4451315,
4452492,
4452840,
4455081,
4455245,
4455247,
4455600,
4456608,
4457330,
4457335,
4457568,
4457859,
4458084,
4458612,
4459262,
4459881,
4460141,
4460448,
4461493,
4463384,
4463603,
4464064,
4464333,
4464448,
4465075,
4465137,
4465789,
4466072,
4466600,
4467245,
4467699,
4468040,
4468272,
4469005,
4471400,
4471461,
4471918,
4473902,
4474345,
4474726,
4475128,
4476481,
4477151,
4477195,
4478047,
4478533,
4479943,
4480337,
4480363,
4481883,
4482129,
4482402,
4482964,
4484298,
4484632,
4484947,
4485289,
4485875,
4485976,
4486187,
4486191,
4486340,
4486691,
4487044,
4487072,
4487453,
4488001,
4488732,
4489379,
4489685,
4490015,
4490382,
4490647,
4491366,
4491872,
4492038,
4492512,
4492761,
4492908,
4493642,
4493684,
4494406,
4494913,
4494922,
4494934,
4495539,
4496502,
4498187,
4498195,
4498764,
4499187,
4499634,
4499774,
4500150,
4501093,
4501564,
4502870,
4505780,
4508421,
4508518,
4509349,
4510486,
4510647,
4510790,
4510801,
4511182,
4511621,
4511678,
4511894,
4511901,
4512394,
4512806,
4513066,
4513857,
4514001,
4514395,
4514589,
4515673,
4516281,
4517030,
4518257,
4518936,
4519040,
4519532,
4519735,
4519909,
4520130,
4520334,
4520433,
4520930,
4521302,
4522259,
4523654,
4523721,
4523897,
4524260,
4524333,
4524528,
4524549,
4524706,
4524717,
4526105,
4526796,
4526921,
4527308,
4527584,
4527962,
4528174,
4528442,
4528538,
4528548,
4528717,
4529113,
4529518,
4530657,
4531154,
4531246,
4532152,
4532294,
4533208,
4533314,
4533413,
4535026,
4535789,
4536008,
4536138,
4536799,
4538160,
4539734,
4539784,
4541132,
4541177,
4542518,
4542618,
4543101,
4543261,
4544093,
4546919,
4547132,
4547222,
4547268,
4547332,
4547459,
4547516,
4548076,
4548208,
4548503,
4548522,
4548777,
4549348,
4550278,
4550483,
4551558,
4551944,
4551988,
4552736,
4553568,
4553715,
4555087,
4555135,
4555274,
4555440,
4555446,
4555667,
4556754,
4557024,
4557254,
4557583,
4558290,
4558627,
4558726,
4558757,
4559476,
4560571,
4560716,
4561294,
4561636,
4562461,
4563448,
4564570,
4565307,
4565721,
4566066,
4567165,
4567698,
4568682,
4568726,
4568861,
4568968,
4569060,
4571564,
4571714,
4572477,
4572589,
4572783,
4573134,
4573381,
4573870,
4574637,
4574775,
4574904,
4575023,
4575622,
4576148,
4576617,
4577008,
4577012,
4577133,
4577482,
4577825,
4578199,
4578421,
4578768,
4579124,
4579535,
4579679,
4579846,
4580509,
4580645,
4580746,
4580782,
4580834,
4581475,
4582404,
4582407,
4582954,
4582993,
4583611,
4584543,
4584548,
4585570,
4586161,
4586787,
4588018,
4588179,
4589458,
4589520,
4589615,
4590041,
4590062,
4590350,
4591870,
4592041,
4592137,
4592601,
4593064,
4593436,
4593611,
4593675,
4594045,
4594123,
4595526,
4595972,
4596008,
4596631,
4596669,
4596813,
4596898,
4596987,
4597261,
4597612,
4599156,
4599553,
4599662,
4600224,
4600273,
4601064,
4602433,
4602717,
4604765,
4605010,
4605451,
4606933,
4607360,
4607410,
4607484,
4608015,
4608242,
4608404,
4609123,
4609585,
4609767,
4610270,
4610320,
4610509,
4612307,
4612440,
4613321,
4613363,
4613399,
4615274,
4615860,
4616219,
4616509,
4617325,
4617969,
4618369,
4618641,
4619216,
4620358,
4620911,
4621094,
4621116,
4621295,
4621710,
4622069,
4622316,
4622833,
4622836,
4623785,
4623998,
4624287,
4624313,
4624582,
4625157,
4625205,
4626599,
4626940,
4627029,
4627030,
4627316,
4628212,
4628754,
4628850,
4629024,
4629136,
4629416,
4629524,
4629795,
4630000,
4630092,
4630224,
4631140,
4631559,
4631675,
4632192,
4632425,
4633530,
4633933,
4634085,
4635542,
4635755,
4636107,
4637295,
4637612,
4637792,
4639234,
4639349,
4639892,
4640908,
4641388,
4642050,
4642137,
4642518,
4645010,
4645306,
4645862,
4646368,
4646434,
4646588,
4646835,
4647211,
4647458,
4647647,
4649446,
4649643,
4649706,
4650263,
4650658,
4651588,
4651969,
4651982,
4652261,
4652447,
4652465,
4652660,
4653561,
4654520,
4654730,
4655206,
4655650,
4656571,
4657133,
4657179,
4657801,
4658449,
4659043,
4659347,
4659411,
4660078,
4660228,
4660927,
4661303,
4662297,
4662328,
4662594,
4662831,
4664753,
4664828,
4664875,
4665928,
4666253,
4666460,
4666689,
4668504,
4668825,
4669178,
4669391,
4669570,
4670580,
4671773,
4671893,
4672002,
4672006,
4672732,
4672893,
4673419,
4673507,
4673821,
4673830,
4674512,
4675974,
4676491,
4676889,
4676954,
4677605,
4677841,
4677891,
4678082,
4678143,
4678289,
4678371,
4678508,
4678542,
4678570,
4678584,
4678592,
4679002,
4679090,
4679629,
4680185,
4680687,
4681521,
4681538,
4682265,
4683261,
4683304,
4683726,
4684705,
4684817,
4684898,
4685764,
4686283,
4687051,
4687242,
4687922,
4688271,
4688909,
4689436,
4689473,
4690883,
4690930,
4691149,
4692817,
4693790,
4693884,
4694392,
4694472,
4695268,
4695384,
4697196,
4697283,
4698115,
4698228,
4698918,
4700056,
4700079,
4700281,
4700299,
4700795,
4701604,
4702140,
4702883,
4703301,
4703442,
4704417,
4705601,
4705636,
4706131,
4706239,
4706617,
4706656,
4706663,
4707053,
4709983,
4710275,
4710286,
4710545,
4710631,
4711654,
4712466,
4713555,
4714187,
4714512,
4715085,
4715211,
4716826,
4717946,
4717966,
4719067,
4719103,
4719579,
4719809,
4720337,
4720726,
4720948,
4721241,
4721940,
4722288,
4722500,
4722816,
4723293,
4723295,
4723460,
4724986,
4725181,
4726130,
4726545,
4727237,
4728320,
4728367,
4728862,
4730246,
4730279,
4730829,
4731459,
4731501,
4732861,
4734498,
4735248,
4735327,
4735425,
4735609,
4735904,
4736171,
4736520,
4737970,
4738490,
4738732,
4738895,
4739126,
4739991,
4740749,
4741054,
4741073,
4741254,
4741288,
4742074,
4742883,
4743197,
4743245,
4743273,
4744513,
4744830,
4745814,
4745942,
4745996,
4746037,
4746807,
4747392,
4747738,
4747827,
4750854,
4750954,
4751296,
4751579,
4752153,
4752154,
4752536,
4753319,
4753632,
4753903,
4754829,
4755002,
4755980,
4756271,
4756515,
4756723,
4756779,
4757607,
4758669,
4758799,
4759009,
4759137,
4760039,
4760900,
4761480,
4762273,
4762654,
4762658,
4762832,
4763076,
4763132,
4763341,
4763538,
4763726,
4764424,
4764667,
4765307,
4765620,
4765834,
4766066,
4766495,
4767191,
4767996,
4769435,
4769753,
4770040,
4770410,
4770691,
4771252,
4771418,
4771704,
4772437,
4772712,
4772714,
4773363,
4773661,
4773773,
4773950,
4774176,
4774982,
4776132,
4776310,
4776586,
4777192,
4777691,
4778722,
4779349,
4779992,
4780031,
4780050,
4780618,
4780666,
4780805,
4781125,
4781207,
4783226,
4784313,
4784473,
4784514,
4785028,
4785057,
4785497,
4785747,
4786042,
4786100,
4786719,
4786753,
4787002,
4787293,
4788501,
4788938,
4789390,
4789463,
4790339,
4790554,
4791138,
4792109,
4792923,
4793964,
4794421,
4794758,
4794870,
4795839,
4795981,
4796009,
4796379,
4796567,
4797041,
4797947,
4799002,
4799140,
4799294,
4799814,
4800057,
4800332,
4800587,
4800607,
4800772,
4801368,
4802043,
4802632,
4802944,
4803266,
4803482,
4803956,
4804273,
4804488,
4804747,
4805270,
4805505,
4806017,
4806249,
4806299,
4806358,
4806585,
4806965,
4807037,
4807438,
4807821,
4807824,
4808587,
4808959,
4809188,
4809373,
4810369,
4810449,
4812357,
4812408,
4812858,
4813046,
4813195,
4813289,
4813299,
4813417,
4813663,
4813886,
4815422,
4815966,
4816412,
4817242,
4817527,
4818145,
4818307,
4818927,
4819192,
4819645,
4819809,
4820097,
4820254,
4820670,
4820801,
4820926,
4820957,
4821190,
4821724,
4822252,
4824098,
4824099,
4824159,
4824720,
4824731,
4824813,
4825207,
4825768,
4825904,
4826171,
4826216,
4826280,
4826778,
4826829,
4827048,
4827110,
4827125,
4827810,
4828615,
4828644,
4828807,
4829407,
4829496,
4829676,
4830343,
4830463,
4830959,
4831558,
4831675,
4832825,
4832850,
4833197,
4833421,
4834069,
4834858,
4834898,
4835240,
4835346,
4835379,
4835987,
4836039,
4836280,
4836393,
4836755,
4836786,
4837571,
4837794,
4838572,
4839536,
4840207,
4841633,
4842044,
4843385,
4845189,
4845373,
4846077,
4846248,
4847153,
4847483,
4849599,
4850096,
4850993,
4851133,
4851818,
4852310,
4852760,
4853332,
4854181,
4854824,
4854912,
4855008,
4855128,
4855555,
4855645,
4855835,
4856192,
4856709,
4857463,
4857909,
4859927,
4860488,
4861991,
4863834,
4863863,
4864195,
4866169,
4866282,
4866331,
4866908,
4867544,
4867941,
4868763,
4869498,
4870091,
4870554,
4871257,
4871340,
4871700,
4871947,
4873362,
4873708,
4873728,
4874093,
4874108,
4874150,
4874426,
4874891,
4877007,
4877068,
4877692,
4878016,
4878062,
4878275,
4881657,
4882118,
4882588,
4883948,
4883988,
4884060,
4884488,
4887406,
4888028,
4888137,
4888875,
4889349,
4889570,
4890137,
4890926,
4891208,
4892085,
4892394,
4893357,
4893733,
4893825,
4894149,
4894356,
4896789,
4897086,
4897153,
4897431,
4897696,
4897780,
4897858,
4897993,
4898056,
4898221,
4898261,
4898681,
4899270,
4899360,
4899667,
4900887,
4901080,
4901479,
4902362,
4902935,
4903393,
4903972,
4905253,
4905578,
4906388,
4906982,
4907198,
4907722,
4908155,
4908185,
4909459,
4910730,
4911230,
4911261,
4911646,
4912199,
4912516,
4913073,
4913111,
4914249,
4916457,
4916965,
4917492,
4918176,
4918296,
4919624,
4921132,
4921425,
4921819,
4922221,
4922482,
4923174,
4923280,
4923989,
4925336,
4925836,
4926020,
4926683,
4926756,
4926790,
4926830,
4927378,
4927608,
4927673,
4928370,
4928517,
4928539,
4929606,
4929765,
4930613,
4931336,
4931433,
4931442,
4931467,
4931520,
4931672,
4933334,
4933595,
4933750,
4934744,
4934840,
4934962,
4935802,
4935970,
4936605,
4936720,
4937753,
4937779,
4938307,
4938560,
4939916,
4940726,
4942115,
4942871,
4943099,
4943723,
4943738,
4944219,
4944610,
4944918,
4945208,
4945517,
4945718,
4946813,
4948674,
4950100,
4951106,
4951404,
4952326,
4952410,
4952500,
4953366,
4953819,
4954056,
4954115,
4954663,
4955178,
4955230,
4955484,
4955922,
4955924,
4956000,
4956284,
4956384,
4956527,
4956761,
4957094,
4957127,
4958021,
4958452,
4960314,
4960542,
4960793,
4961774,
4961973,
4962048,
4962787,
4963478,
4963721,
4963765,
4964004,
4964141,
4964414,
4965061,
4965131,
4966028,
4966153,
4966292,
4966561,
4966843,
4967907,
4967963,
4968587,
4969154,
4969737,
4969751,
4969786,
4970274,
4970404,
4970601,
4970778,
4970978,
4971505,
4971733,
4972154,
4972527,
4972570,
4972900,
4973056,
4973166,
4973242,
4973338,
4973667,
4973685)
